=============================================================================
10

7.No of task/ utilization
8.No of task/makespan

83 86 77 15 93 35 86 92 49 21 62 27 90 59 63 26 40 26 72 36 11 68 67 29 82 30 62 23 67 35 29 2 22 58 69 67 93 56 11 42 29 73 21 19 84 37 98 24 15 70 13 26 91 80 56 73 62 70 96 81 5 25 84 27 36 5 46 29 13 57 24 95 82 45 14 67 34 64 43 50 87 8 76 78 88 84 3 51 54 99 32 60 76 68 39 12 26 86 94 39 95 70 34 78 67 1 97 2 17 92 52 56 1 80 86 41 65 89 44 19 40 29 31 17 97 71 81 75 9 27 67 56 97 53 86 65 6 83 19 24 28 71 32 29 3 19 70 68 8 15 40 49 96 23 18 45 46 51 21 55 79 88 64 28 41 50 93 0 34 64 24 14 87 56 43 91 27 65 59 36 32 51 37 28 75 7 74 21 58 95 29 37 35 93 18 28 43 11 28 29 76 4 43 63 13 38 6 40 4 18 28 88 69 17 17 96 24 43 70 83 90 99 72 25 44 90 5 39 54 86 69 82 42 64 97 7 55 4 48 11 22 28 99 43 46 68 40 22 11 10 5 1 61 30 78 5 20 36 44 26 22 65 8 16 82 58 24 37 62 24 0 36 52 99 79 50 68 71 73 31 81 30 33 94 60 63 99 81 99 96 59 73 13 68 90 95 26 66 84 40 90 84 76 42 36 7 45 56 79 18 87 12 48 72 59 9 36 10 42 87 6 1 13 72 21 55 19 99 21 4 39 11 40 67 5 28 27 50 84 58 20 24 22 69 96 81 30 84 92 72 72 50 25 85 22 99 40 42 98 13 98 90 24 90 9 81 19 36 32 55 94 4 79 69 73 76 50 55 60 42 79 84 93 5 21 67 4 13 61 54 26 59 44 2 2 6 84 21 42 68 28 89 72 8 58 98 36 8 53 48 3 33 33 48 90 54 67 46 68 29 0 46 88 97 49 90 3 33 63 97 53 92 86 25 52 96 75 88 57 29 36 60 14 21 60 4 28 27 50 48 56 2 94 97 99 43 39 2 28 3 0 81 47 38 59 51 35 34 39 92 15 27 4 29 49 64 85 29 43 35 77 0 38 71 49 89 67 88 92 95 43 44 29 90 82 40 41 69 26 32 61 42 60 17 23 61 81 9 90 25 96 67 77 34 90 26 24 57 14 68 5 58 12 86 0 46 26 94 16 52 78 29 46 90 47 70 51 80 31 93 57 27 12 86 14 55 12 90 12 79 10 69 89 74 55 41 20 33 87 88 38 66 70 84 56 17 6 60 49 37 5 59 17 18 45 83 73 58 73 37 89 83 7 78 57 14 71 29 0 59 18 38 25 88 74 33 57 81 93 58 70 99 17 39 69 63 22 94 73 47 31 62 82 90 92 91 57 15 21 57 74 91 47 51 31 21 37 40 54 30 98 25 81 16 16 2 31 39 96 4 38 80 18 21 70 62 12 79 77 85 36 4 76 83 7 59 57 44 99 11 27 50 36 60 18 5 63 49 44 11 5 34 91 75 55 14 89 68 93 18 5 82 22 82 17 30 93 74 26 93 86 53 43 74 14 13 79 77 62 75 88 19 10 32 94 17 46 35 37 91 53 43 73 28 25 91 10 18 17 36 63 55 90 58 30 4 71 61 33 85 89 73 4 51 5 50 68 3 85 6 95 39 49 20 67 26 63 77 96 81 65 60 36 55 70 18 11 42 32 96 79 21 70 84 72 27 34 40 83 72 98 30 63 47 50 30 73 14 59 22 47 24 82 35 32 4 54 43 98 86 40 78 59 62 62 83 41 48 23 24 72 22 54 35 21 57 65 47 71 76 69 18 1 3 53 33 7 59 28 6 97 20 84 8 34 98 91 76 98 15 52 71 89 59 6 10 16 24 9 39 0 78 9 53 81 14 38 89 26 67 47 23 87 31 32 22 81 75 50 79 90 54 50 31 13 57 94 81 81 3 20 33 82 81 87 15 96 25 4 22 92 51 97 32 34 81 6 15 57 8 95 99 62 97 83 76 54 77 9 87 32 82 21 66 63 60 82 11 85 86 85 30 90 83 14 76 16 20 92 25 28 39 25 90 36 60 18 43 37 28 82 21 10 55 88 25 15 70 37 53 8 22 83 50 57 97 27 26 69 71 51 49 10 28 39 98 88 10 93 77 90 76 99 52 31 87 77 99 57 66 52 17 41 35 68 98 84 95 76 5 66 28 54 28 8 93 78 97 55 72 74 45 0 25 97 83 12 27 82 21  



No. of Task =10 , Makespan =25.0 , Utilization= 0.744
No. of Task =20 , Makespan =40.0 , Utilization= 0.8725
No. of Task =30 , Makespan =54.0 , Utilization= 0.9166667
No. of Task =40 , Makespan =70.0 , Utilization= 0.92
No. of Task =50 , Makespan =87.0 , Utilization= 0.9034483
No. of Task =60 , Makespan =105.0 , Utilization= 0.94857144
No. of Task =70 , Makespan =112.0 , Utilization= 0.975
No. of Task =80 , Makespan =129.0 , Utilization= 0.96899223
No. of Task =90 , Makespan =150.0 , Utilization= 0.958
No. of Task =100 , Makespan =170.0 , Utilization= 0.9558824
No. of Task =110 , Makespan =186.0 , Utilization= 0.9564516
No. of Task =120 , Makespan =201.0 , Utilization= 0.97363186
No. of Task =130 , Makespan =218.0 , Utilization= 0.9646789
No. of Task =140 , Makespan =234.0 , Utilization= 0.9709402
No. of Task =150 , Makespan =243.0 , Utilization= 0.9814815
No. of Task =160 , Makespan =259.0 , Utilization= 0.9752896
No. of Task =170 , Makespan =277.0 , Utilization= 0.9743682
No. of Task =180 , Makespan =287.0 , Utilization= 0.99059236
No. of Task =190 , Makespan =308.0 , Utilization= 0.9753247
No. of Task =200 , Makespan =314.0 , Utilization= 0.9898089
No. of Task =210 , Makespan =324.0 , Utilization= 0.98672837
No. of Task =220 , Makespan =344.0 , Utilization= 0.977907
No. of Task =230 , Makespan =360.0 , Utilization= 0.9880555
No. of Task =240 , Makespan =376.0 , Utilization= 0.98537236
No. of Task =250 , Makespan =389.0 , Utilization= 0.9856041
No. of Task =260 , Makespan =394.0 , Utilization= 0.99467003
No. of Task =270 , Makespan =412.0 , Utilization= 0.9832524
No. of Task =280 , Makespan =428.0 , Utilization= 0.9864486
No. of Task =290 , Makespan =450.0 , Utilization= 0.988
No. of Task =300 , Makespan =469.0 , Utilization= 0.9886994
No. of Task =310 , Makespan =488.0 , Utilization= 0.98688525
No. of Task =320 , Makespan =502.0 , Utilization= 0.9876494
No. of Task =330 , Makespan =512.0 , Utilization= 0.9878906
No. of Task =340 , Makespan =522.0 , Utilization= 0.99367815
No. of Task =350 , Makespan =544.0 , Utilization= 0.9854779
No. of Task =360 , Makespan =560.0 , Utilization= 0.9901786
No. of Task =370 , Makespan =580.0 , Utilization= 0.9848276
No. of Task =380 , Makespan =596.0 , Utilization= 0.99161077
No. of Task =390 , Makespan =613.0 , Utilization= 0.98613375
No. of Task =400 , Makespan =621.0 , Utilization= 0.9922705
No. of Task =410 , Makespan =637.0 , Utilization= 0.9908948
No. of Task =420 , Makespan =649.0 , Utilization= 0.99491525
No. of Task =430 , Makespan =671.0 , Utilization= 0.9886736
No. of Task =440 , Makespan =691.0 , Utilization= 0.98972505
No. of Task =450 , Makespan =699.0 , Utilization= 0.99527895
No. of Task =460 , Makespan =718.0 , Utilization= 0.9885794
No. of Task =470 , Makespan =728.0 , Utilization= 0.99450547
No. of Task =480 , Makespan =743.0 , Utilization= 0.99192464
No. of Task =490 , Makespan =764.0 , Utilization= 0.9903141
No. of Task =500 , Makespan =775.0 , Utilization= 0.9972903
No. of Task =510 , Makespan =792.0 , Utilization= 0.99330807
No. of Task =520 , Makespan =809.0 , Utilization= 0.9933251
No. of Task =530 , Makespan =826.0 , Utilization= 0.9903148
No. of Task =540 , Makespan =840.0 , Utilization= 0.99404764
No. of Task =550 , Makespan =859.0 , Utilization= 0.9903376
No. of Task =560 , Makespan =872.0 , Utilization= 0.9940367
No. of Task =570 , Makespan =887.0 , Utilization= 0.9960541
No. of Task =580 , Makespan =902.0 , Utilization= 0.9941242
No. of Task =590 , Makespan =920.0 , Utilization= 0.9920652
No. of Task =600 , Makespan =937.0 , Utilization= 0.993063
No. of Task =610 , Makespan =954.0 , Utilization= 0.9940252
No. of Task =620 , Makespan =975.0 , Utilization= 0.9926154
No. of Task =630 , Makespan =986.0 , Utilization= 0.9967546
No. of Task =640 , Makespan =1005.0 , Utilization= 0.9906468
No. of Task =650 , Makespan =1020.0 , Utilization= 0.9920588
No. of Task =660 , Makespan =1033.0 , Utilization= 0.9945789
No. of Task =670 , Makespan =1043.0 , Utilization= 0.99549377
No. of Task =680 , Makespan =1061.0 , Utilization= 0.9945335
No. of Task =690 , Makespan =1079.0 , Utilization= 0.99304914
No. of Task =700 , Makespan =1094.0 , Utilization= 0.9952468
No. of Task =710 , Makespan =1115.0 , Utilization= 0.9904036
No. of Task =720 , Makespan =1120.0 , Utilization= 0.9966964
No. of Task =730 , Makespan =1137.0 , Utilization= 0.99621814
No. of Task =740 , Makespan =1156.0 , Utilization= 0.99273354
No. of Task =750 , Makespan =1171.0 , Utilization= 0.99598634
No. of Task =760 , Makespan =1185.0 , Utilization= 0.99729955
No. of Task =770 , Makespan =1205.0 , Utilization= 0.99560165
No. of Task =780 , Makespan =1220.0 , Utilization= 0.99573773
No. of Task =790 , Makespan =1237.0 , Utilization= 0.9954729
No. of Task =800 , Makespan =1251.0 , Utilization= 0.9972022
No. of Task =810 , Makespan =1269.0 , Utilization= 0.9958235
No. of Task =820 , Makespan =1278.0 , Utilization= 0.99593115
No. of Task =830 , Makespan =1296.0 , Utilization= 0.99621916
No. of Task =840 , Makespan =1312.0 , Utilization= 0.99428356
No. of Task =850 , Makespan =1323.0 , Utilization= 0.99584275
No. of Task =860 , Makespan =1340.0 , Utilization= 0.99544775
No. of Task =870 , Makespan =1358.0 , Utilization= 0.994919
No. of Task =880 , Makespan =1375.0 , Utilization= 0.9938909
No. of Task =890 , Makespan =1386.0 , Utilization= 0.99646467
No. of Task =900 , Makespan =1410.0 , Utilization= 0.9951773
No. of Task =910 , Makespan =1429.0 , Utilization= 0.9952414
No. of Task =920 , Makespan =1447.0 , Utilization= 0.99495506
No. of Task =930 , Makespan =1456.0 , Utilization= 0.9973901
No. of Task =940 , Makespan =1470.0 , Utilization= 0.99741495
No. of Task =950 , Makespan =1485.0 , Utilization= 0.9973064
No. of Task =960 , Makespan =1508.0 , Utilization= 0.99436337
No. of Task =970 , Makespan =1528.0 , Utilization= 0.9957461
No. of Task =980 , Makespan =1547.0 , Utilization= 0.99599224
No. of Task =990 , Makespan =1566.0 , Utilization= 0.9952746
No. of Task =1000 , Makespan =1585.0 , Utilization= 0.9925552
Processor# 0: 8 15 29 30 45 51 63 76 92 102 119 120 143 142 169 170 180 194 216 210 224 239 244 267 279 282 299 307 325 321 331 346 351 367 379 384 390 400 403 410 428 441 456 474 482 492 504 515 529 540 557 569 573 587 585 591 606 616 625 634 633 640 668 671 685 706 703 724 733 739 753 766 771 783 785 799 807 811 824 837 848 854 863 879 877 886 892 900 919 917 926 935 947 950 964 970 981 993 997  = 1585
Processor# 1: 5 16 27 37 40 56 68 78 81 97 116 129 131 145 154 158 164 188 199 206 209 217 227 243 247 250 255 266 269 271 281 290 306 311 315 324 330 340 341 357 368 377 387 392 406 419 421 434 442 455 471 473 484 499 509 513 521 538 544 541 561 579 582 594 612 629 637 656 660 681 694 707 708 730 741 758 765 774 787 798 804 814 821 829 839 834 845 858 872 887 908 902 911 928 931 932 956 976 983 991  = 1577
Processor# 2: 12 25 38 39 47 57 79 88 96 90 113 121 133 140 150 168 179 182 187 197 204 212 231 241 268 288 296 303 314 322 328 336 353 366 362 378 391 418 420 424 438 446 458 462 479 481 494 507 501 523 549 556 564 570 583 608 610 617 622 636 643 655 659 664 674 684 688 692 713 718 717 728 735 742 752 767 789 796 803 815 832 860 864 871 881 896 907 918 939 946 959 963 973 988 999  = 1572
Processor# 3: 19 18 23 33 42 55 61 89 91 108 111 122 130 144 159 162 189 202 221 238 240 253 260 270 278 285 300 309 316 329 320 337 355 369 376 399 416 426 427 431 447 461 478 493 510 525 547 563 572 586 595 609 619 618 624 631 644 650 677 682 697 705 710 721 749 757 761 776 780 790 806 818 823 836 831 846 851 855 862 885 898 909 915 922 938 941 954 951 968 972 980  = 1566
Processor# 4: 2 21 34 43 59 67 73 87 93 107 117 125 141 157 163 178 191 196 205 220 233 249 248 257 265 275 292 295 302 318 326 332 343 356 364 370 385 397 409 412 435 444 450 467 470 485 496 503 512 522 539 545 555 568 581 596 605 621 635 647 642 657 654 669 673 690 719 711 726 737 732 748 755 763 775 786 797 805 819 827 830 842 857 861 875 888 894 912 924 933 943 967 978 994  = 1575
Processor# 5: 0 24 46 48 54 64 70 84 86 99 109 115 123 138 137 151 153 165 173 181 192 207 225 230 237 246 259 262 273 287 297 304 313 333 349 360 374 389 395 402 417 437 448 464 465 460 475 483 498 500 517 526 530 542 550 559 560 571 590 593 604 611 630 658 665 676 680 699 704 714 723 740 751 762 773 781 791 802 812 816 826 835 841 850 874 870 884 891 903 927 921 936 942 957 952 962 974 971 989  = 1566
Processor# 6: 1 13 20 36 52 69 77 82 106 114 132 149 152 175 186 195 208 213 211 226 228 236 251 252 261 272 280 291 305 310 338 344 352 361 373 388 394 401 411 425 430 443 451 452 463 477 487 495 505 516 518 527 520 532 546 552 562 574 584 599 600 623 620 641 652 667 675 679 689 691 701 712 720 731 745 754 764 778 784 795 817 825 833 840 852 867 878 880 899 904 914 923 945 953 960 975 986 996  = 1569
Processor# 7: 4 17 11 22 32 44 53 50 60 72 80 94 100 110 127 139 136 147 166 177 171 184 190 201 214 219 222 232 245 256 263 274 286 294 319 323 335 347 350 372 371 382 386 398 407 404 415 422 436 454 468 472 489 497 506 511 524 531 533 548 558 567 576 589 597 614 628 626 632 646 653 661 670 686 696 695 700 729 736 746 756 760 770 793 792 808 828 847 859 865 873 883 893 901 920 925 937 944 961 965 982 985 990  = 1585
Processor# 8: 6 3 14 26 35 49 65 62 75 74 85 95 104 101 105 112 118 126 128 135 148 155 156 160 174 183 198 200 215 223 234 254 276 284 289 293 301 312 339 348 358 365 381 393 405 414 423 439 433 445 449 457 469 466 486 480 491 502 519 528 535 534 543 554 566 565 575 580 592 601 602 615 627 639 648 645 651 663 678 683 698 702 716 715 727 738 743 759 769 779 777 788 794 800 813 820 838 849 843 866 869 876 889 895 897 905 910 934 949 958 969 977 984 998 992  = 1569
Processor# 9: 7 9 10 28 31 41 58 66 71 83 98 103 124 134 146 167 161 176 172 185 193 203 218 229 235 242 258 264 277 283 298 308 317 327 334 345 342 354 359 363 375 383 380 396 408 413 429 432 440 459 453 476 488 490 508 514 536 537 553 551 578 577 588 598 607 603 613 638 649 666 662 672 687 693 709 725 722 734 747 744 750 768 772 782 801 809 810 822 844 856 853 868 882 890 906 913 916 929 930 940 948 955 966 979 987 995  = 1568
Final avg utilization = 0.9925552

==============================================================================
