811=14 15 11 18 10 12 13 19 16 17 	213=16 18 10 15 11 14 12 13 17 19 
374=10 11 14 15 13 17 18 12 16 19 	306=17 16 19 10 11 14 12 13 15 18 
0=15 16 19 10 11 18 13 14 12 17 	662=12 19 10 13 17 18 11 15 14 16 
260=10 19 16 18 13 11 12 14 15 17 	925=12 13 17 10 18 14 16 15 11 19 
724=13 14 12 15 10 16 17 19 11 18 	642=11 15 18 12 13 14 17 10 16 19 
71=12 17 18 14 11 15 16 10 13 19 	323=14 16 11 15 19 12 13 18 10 17 
660=13 14 10 12 17 15 11 16 18 19 	984=11 15 10 12 17 13 14 19 16 18 
265=10 17 12 18 14 15 11 13 16 19 	73=14 18 12 15 19 10 11 13 16 17 
883=11 14 17 12 13 18 19 16 15 10 	767=10 14 13 15 19 11 16 17 12 18 
34=12 16 10 19 13 15 17 11 14 18 	58=11 12 15 17 14 10 19 16 18 13 
646=10 14 12 15 17 19 11 13 16 18 	852=11 18 12 13 14 17 10 15 16 19 
375=15 19 10 11 13 14 18 12 16 17 	597=11 16 19 10 12 14 17 13 15 18 
788=11 13 12 14 19 17 16 10 15 18 	653=11 14 19 17 18 15 10 12 13 16 
460=11 14 10 13 15 12 17 18 19 16 	863=19 10 13 16 15 17 11 12 14 18 
273=10 13 11 12 16 19 15 14 17 18 	943=15 12 10 18 16 13 14 11 17 19 
608=16 18 15 17 19 11 12 13 10 14 	147=18 14 16 11 12 15 17 10 13 19 
427=12 11 15 19 13 17 18 10 14 16 	649=13 19 14 10 17 16 12 11 15 18 
384=10 12 14 17 18 15 16 19 13 11 	459=11 13 18 16 19 10 12 14 15 17 
642=11 15 18 12 13 14 17 10 16 19 	251=12 13 16 17 10 11 19 14 15 18 
765=13 11 14 18 12 16 15 10 17 19 	451=12 15 17 14 16 11 10 13 18 19 
249=10 11 12 13 14 15 16 19 17 18 	772=12 10 11 19 16 14 17 13 15 18 
149=17 19 10 13 16 12 11 14 15 18 	190=14 16 17 11 12 15 18 19 10 13 
87=10 11 13 15 17 14 18 16 12 19 	672=18 15 12 14 17 13 10 16 11 19 
87=10 11 13 15 17 14 18 16 12 19 	973=11 12 17 19 13 14 15 16 10 18 
716=11 15 10 12 14 16 19 13 17 18 	608=16 18 15 17 19 11 12 13 10 14 
103=12 16 18 13 15 19 10 11 17 14 	451=12 15 17 14 16 11 10 13 18 19 
566=12 17 14 19 10 16 11 13 15 18 	592=11 13 15 16 18 12 14 10 17 19 
146=12 19 10 13 17 18 11 15 14 16 	788=11 13 12 14 19 17 16 10 15 18 
371=12 13 16 17 18 15 10 11 14 19 	619=14 16 17 10 12 18 19 11 15 13 
336=13 14 19 10 11 12 15 16 17 18 	442=15 11 14 16 17 18 10 19 12 13 
777=11 12 13 10 15 18 17 14 16 19 	95=14 15 19 10 12 11 13 16 17 18 
667=14 16 13 18 15 12 11 17 10 19 	523=11 17 12 14 16 15 19 10 13 18 
584=17 18 10 16 11 12 14 13 15 19 	916=10 14 11 12 17 18 19 16 13 15 
254=12 14 16 18 10 11 13 15 17 19 	564=12 18 16 19 14 17 10 11 13 15 
269=11 14 15 16 18 19 17 13 10 12 	367=13 14 16 10 12 19 11 15 17 18 
48=10 17 11 12 14 19 16 13 15 18 	32=12 14 15 16 17 18 10 11 13 19 
765=13 11 14 18 12 16 15 10 17 19 	383=10 13 12 11 17 19 14 16 18 15 
990=10 15 16 13 19 17 11 12 14 18 	897=12 14 11 13 16 18 10 15 19 17 
895=11 12 13 17 19 10 14 16 15 18 	550=12 16 19 10 15 11 17 14 18 13 
754=10 11 17 15 19 12 16 18 13 14 	767=10 14 13 15 19 11 16 17 12 18 
204=11 14 19 10 15 16 12 13 17 18 	557=12 16 17 13 18 19 10 11 15 14 
404=12 16 19 10 18 17 11 13 14 15 	579=11 13 17 16 19 10 12 14 15 18 
217=11 14 15 17 12 19 10 13 16 18 	663=10 11 12 15 19 16 13 17 14 18 
617=15 17 10 13 14 18 11 12 16 19 	637=13 17 10 12 14 15 11 16 18 19 
515=10 18 11 13 16 19 12 15 14 17 	613=16 15 18 17 12 11 14 10 13 19 
43=11 18 12 19 13 14 17 16 10 15 	432=10 18 12 16 11 14 13 19 17 15 
790=11 15 10 18 19 12 13 14 16 17 	783=12 18 15 14 13 16 17 19 10 11 
651=10 15 11 13 17 16 14 19 12 18 	718=12 16 18 10 14 11 13 15 17 19 
652=13 18 12 14 15 19 10 11 16 17 	559=15 19 10 13 17 18 11 12 14 16 
52=13 16 18 15 12 17 19 10 11 14 	165=13 17 14 10 16 11 12 18 19 15 
891=10 18 11 12 15 16 19 13 14 17 	85=14 16 12 19 10 13 17 18 11 15 
794=10 12 13 18 19 15 11 14 16 17 	468=11 13 12 14 15 10 17 18 16 19 
909=17 10 16 14 18 19 12 15 13 11 	247=13 15 14 17 19 16 18 12 11 10 
914=15 16 11 12 14 17 19 10 13 18 	119=11 14 10 15 17 19 13 16 12 18 
192=10 12 11 13 16 15 17 18 14 19 	499=10 13 16 14 15 12 11 19 17 18 
177=14 11 19 13 12 16 10 18 17 15 	435=12 13 18 11 10 15 16 14 17 19 
835=10 13 11 18 12 14 16 17 15 19 	575=10 11 19 13 16 17 18 12 14 15 
376=16 14 15 17 19 10 12 11 13 18 	852=11 18 12 13 14 17 10 15 16 19 
21=14 17 10 11 13 16 15 18 19 12 	667=14 16 13 18 15 12 11 17 10 19 
649=13 19 14 10 17 16 12 11 15 18 	195=11 12 13 16 17 18 15 10 14 19 
515=10 18 11 13 16 19 12 15 14 17 	72=10 15 12 18 19 11 17 13 14 16 
435=12 13 18 11 10 15 16 14 17 19 	81=11 19 14 16 12 10 18 15 13 17 
426=11 16 18 19 10 13 14 15 12 17 	531=13 15 18 19 10 12 11 14 16 17 
216=13 14 19 10 11 12 15 16 17 18 	933=14 16 17 19 11 12 18 10 15 13 
822=14 13 11 10 17 15 16 18 12 19 	898=13 16 17 18 10 11 12 15 14 19 
601=14 13 10 12 17 16 11 15 18 19 	492=12 16 15 10 17 19 13 14 11 18 
811=14 15 11 18 10 12 13 19 16 17 	500=15 10 13 14 11 17 19 16 12 18 
958=18 16 13 17 15 10 12 19 11 14 	299=13 16 17 14 15 19 10 12 18 11 
768=17 16 19 10 11 12 13 14 15 18 	316=18 11 15 12 13 19 10 14 16 17 
606=10 11 12 14 16 17 18 19 13 15 	212=10 14 12 15 16 17 13 11 18 19 
976=10 11 15 13 18 14 12 16 17 19 	378=13 18 12 14 15 19 10 11 16 17 
532=11 16 19 10 15 12 13 18 14 17 	407=10 13 16 18 11 12 14 15 17 19 
629=10 12 14 11 15 13 16 19 17 18 	498=13 14 15 19 10 18 12 16 11 17 
937=13 16 18 12 15 19 10 14 17 11 	205=11 12 13 18 19 10 15 16 14 17 
709=10 16 14 17 18 11 13 15 12 19 	177=14 11 19 13 12 16 10 18 17 15 
101=11 13 14 16 17 10 18 12 15 19 	377=12 13 17 18 10 14 11 16 19 15 
471=14 11 13 15 16 17 18 19 10 12 	613=16 15 18 17 12 11 14 10 13 19 
260=10 19 16 18 13 11 12 14 15 17 	844=10 15 17 16 14 12 13 18 19 11 
101=11 13 14 16 17 10 18 12 15 19 	440=13 16 11 15 19 10 12 17 14 18 
311=14 13 19 10 12 17 18 11 15 16 	574=11 19 10 16 17 12 14 18 13 15 
925=12 13 17 10 18 14 16 15 11 19 	424=11 18 12 14 16 10 13 15 17 19 
835=10 13 11 18 12 14 16 17 15 19 	309=12 14 16 15 13 19 10 11 17 18 
869=14 10 19 11 13 15 16 17 18 12 	129=18 12 13 14 10 17 16 15 11 19 
899=15 16 11 13 12 18 10 14 17 19 	68=11 14 17 10 13 19 15 12 16 18 
362=13 19 12 14 15 10 11 16 17 18 	128=10 15 17 16 18 12 19 11 13 14 
722=11 13 17 15 18 12 19 10 14 16 	949=12 14 15 18 13 17 10 11 16 19 
744=10 11 12 14 15 16 17 19 13 18 	522=19 12 16 11 15 13 17 10 14 18 
197=13 14 10 16 18 15 17 19 11 12 	100=12 13 16 14 15 17 18 10 11 19 
754=10 11 17 15 19 12 16 18 13 14 	72=10 15 12 18 19 11 17 13 14 16 
902=11 15 16 10 12 17 18 13 14 19 	850=13 18 16 19 15 17 14 10 11 12 
702=12 15 18 14 13 16 17 19 10 11 	768=17 16 19 10 11 12 13 14 15 18 
219=15 18 19 10 11 14 12 16 17 13 	683=13 15 18 17 12 11 14 10 16 19 
626=10 18 11 13 12 14 16 17 15 19 	991=11 17 19 13 18 14 10 12 15 16 
296=12 13 19 10 18 16 17 11 14 15 	755=12 16 17 18 10 15 19 11 13 14 
578=12 16 18 15 13 11 14 19 10 17 	140=10 13 12 19 15 17 18 16 14 11 
729=17 16 19 14 15 18 12 10 11 13 	764=15 14 16 17 19 12 18 10 11 13 
679=10 11 15 17 12 13 19 14 18 16 	645=15 13 19 12 17 10 11 16 14 18 
563=11 15 18 12 17 16 14 19 13 10 	535=13 10 11 15 17 16 18 12 14 19 
186=10 13 17 12 14 16 11 15 18 19 	153=17 15 18 12 13 10 16 14 11 19 
830=11 15 12 18 17 10 19 13 16 14 	836=13 15 16 11 12 10 17 14 18 19 
200=13 18 12 16 17 15 14 10 11 19 	563=11 15 18 12 17 16 14 19 13 10 
857=11 13 17 18 16 19 10 12 14 15 	930=19 15 18 10 12 13 17 11 16 14 
76=11 10 16 18 17 14 13 12 15 19 	609=19 10 13 15 16 17 11 12 14 18 
572=12 13 15 18 14 19 10 11 16 17 	754=10 11 17 15 19 12 16 18 13 14 
364=15 16 17 12 13 18 19 10 11 14 	982=11 13 16 15 19 17 18 10 12 14 
513=18 12 16 14 10 17 13 19 11 15 	681=12 16 15 13 11 18 19 14 10 17 
467=10 18 13 14 17 19 12 15 16 11 	313=14 16 17 18 10 11 13 12 19 15 
553=15 16 19 10 11 14 17 12 13 18 	393=13 16 18 10 12 14 17 11 15 19 
269=11 14 15 16 18 19 17 13 10 12 	140=10 13 12 19 15 17 18 16 14 11 
432=10 18 12 16 11 14 13 19 17 15 	46=17 10 14 19 11 12 13 15 16 18 
22=11 13 18 15 16 17 10 12 14 19 	854=14 16 10 11 12 13 15 17 18 19 
297=13 16 17 10 12 15 19 11 14 18 	473=15 10 12 13 18 17 14 16 11 19 
373=14 15 13 18 19 16 10 12 17 11 	699=12 16 13 15 11 17 18 10 14 19 
821=10 18 14 17 13 15 11 19 16 12 	846=15 19 13 10 16 11 14 17 18 12 
74=14 10 11 12 13 16 19 15 18 17 	778=17 15 14 10 16 11 13 12 18 19 
804=17 16 14 19 10 12 13 15 11 18 	737=12 16 17 11 18 14 15 10 13 19 
428=12 13 16 11 17 19 14 18 10 15 	123=14 19 10 12 15 17 18 11 13 16 
429=10 14 15 11 12 13 17 16 18 19 	744=10 11 12 14 15 16 17 19 13 18 
673=10 15 19 14 17 12 16 18 11 13 	52=13 16 18 15 12 17 19 10 11 14 
970=14 16 18 13 15 11 12 10 19 17 	665=10 12 13 11 17 15 16 18 14 19 
606=10 11 12 14 16 17 18 19 13 15 	457=11 12 15 16 17 18 13 10 14 19 
60=12 15 19 14 13 18 16 10 11 17 	165=13 17 14 10 16 11 12 18 19 15 
373=14 15 13 18 19 16 10 12 17 11 	708=10 12 19 15 17 11 13 16 14 18 
766=10 13 16 17 19 12 14 11 15 18 	608=16 18 15 17 19 11 12 13 10 14 
99=10 14 12 13 19 16 11 15 17 18 	314=13 15 12 14 17 18 10 16 11 19 
658=11 13 14 15 18 10 17 19 12 16 	511=10 11 13 15 19 16 12 14 17 18 
28=15 16 17 19 12 14 18 10 11 13 	314=13 15 12 14 17 18 10 16 11 19 
325=11 18 19 14 10 13 12 15 16 17 	195=11 12 13 16 17 18 15 10 14 19 
584=17 18 10 16 11 12 14 13 15 19 	894=12 13 14 19 15 16 18 10 11 17 
510=11 15 10 14 17 18 19 13 12 16 	857=11 13 17 18 16 19 10 12 14 15 
481=12 10 18 17 14 19 13 11 15 16 	460=11 14 10 13 15 12 17 18 19 16 
449=10 12 13 14 11 15 16 17 18 19 	85=14 16 12 19 10 13 17 18 11 15 
296=12 13 19 10 18 16 17 11 14 15 	858=10 15 12 16 18 13 19 11 17 14 
169=10 18 15 12 14 16 17 19 11 13 	620=11 14 18 16 17 13 10 12 15 19 
323=14 16 11 15 19 12 13 18 10 17 	875=11 13 17 19 10 15 16 18 12 14 
96=10 11 18 14 17 12 15 13 16 19 	726=10 11 13 18 15 16 12 14 17 19 
516=12 14 11 15 18 16 17 10 13 19 	253=18 19 10 15 17 11 12 13 14 16 
965=13 12 18 14 10 15 11 16 17 19 	813=12 14 15 17 11 16 19 10 13 18 
733=10 12 14 11 15 17 13 16 18 19 	258=10 11 14 18 12 19 13 15 16 17 
421=10 14 13 16 18 15 17 19 11 12 	448=10 14 11 16 13 18 17 12 19 15 
859=10 18 17 16 11 12 15 14 13 19 	476=10 13 15 11 14 18 17 16 12 19 
588=17 10 13 19 11 12 16 14 15 18 	996=13 19 14 15 18 10 11 12 16 17 
695=11 14 12 15 17 16 18 10 13 19 	39=13 17 15 19 10 11 12 14 18 16 
687=15 18 19 11 10 16 17 12 13 14 	463=12 19 15 16 18 10 11 13 14 17 
440=13 16 11 15 19 10 12 17 14 18 	686=11 13 15 16 10 14 18 19 12 17 
55=15 13 14 16 18 19 11 17 12 10 	824=14 16 10 11 12 13 15 17 18 19 
880=18 14 15 16 11 10 12 19 13 17 	558=12 19 13 17 10 11 18 15 14 16 
906=11 10 18 16 15 12 13 17 19 14 	339=11 16 14 19 10 13 17 12 18 15 
350=11 15 18 10 12 16 19 14 17 13 	233=14 19 12 13 15 10 11 16 17 18 
869=14 10 19 11 13 15 16 17 18 12 	578=12 16 18 15 13 11 14 19 10 17 
418=10 17 12 16 15 14 11 19 13 18 	684=14 19 10 16 17 18 12 11 13 15 
847=13 15 19 16 18 10 14 17 11 12 	823=18 16 14 19 11 15 10 12 17 13 
285=11 15 18 17 19 10 12 13 14 16 	324=19 11 13 15 10 12 14 16 17 18 
545=13 18 10 12 15 11 14 19 16 17 	494=15 10 14 18 13 16 19 11 12 17 
620=11 14 18 16 17 13 10 12 15 19 	112=18 14 12 13 15 16 17 11 10 19 
797=13 18 10 11 12 15 17 19 14 16 	53=10 16 17 11 13 14 19 12 15 18 
142=18 19 13 10 11 12 14 17 15 16 	773=15 11 16 14 10 18 12 19 13 17 
677=14 11 17 15 12 16 13 10 18 19 	747=10 11 16 19 13 14 15 17 12 18 
877=13 16 17 19 15 12 14 10 11 18 	984=11 15 10 12 17 13 14 19 16 18 
316=18 11 15 12 13 19 10 14 16 17 	302=14 15 12 13 19 10 11 18 16 17 
367=13 14 16 10 12 19 11 15 17 18 	473=15 10 12 13 18 17 14 16 11 19 
368=10 18 11 12 15 16 17 13 14 19 	10=10 12 15 19 14 11 17 13 16 18 
435=12 13 18 11 10 15 16 14 17 19 	982=11 13 16 15 19 17 18 10 12 14 
56=13 15 16 19 10 11 18 12 14 17 	846=15 19 13 10 16 11 14 17 18 12 
15=12 14 15 19 13 17 10 11 16 18 	925=12 13 17 10 18 14 16 15 11 19 
738=15 17 18 13 14 10 11 12 16 19 	281=12 17 18 14 11 15 16 10 13 19 
79=13 15 16 17 10 14 11 12 18 19 	82=11 10 17 19 13 16 12 14 15 18 
344=15 10 12 13 17 11 16 19 14 18 	454=12 16 17 13 14 18 11 15 19 10 
715=11 18 14 19 10 13 12 15 16 17 	440=13 16 11 15 19 10 12 17 14 18 
313=14 16 17 18 10 11 13 12 19 15 	934=17 11 16 13 10 14 19 12 15 18 
680=12 14 10 16 18 13 17 19 15 11 	371=12 13 16 17 18 15 10 11 14 19 
698=12 14 16 17 11 18 10 13 15 19 	179=12 19 10 16 17 11 14 18 13 15 
958=18 16 13 17 15 10 12 19 11 14 	819=11 13 19 17 12 10 18 14 15 16 
978=13 17 18 12 14 10 11 15 16 19 	528=10 15 11 12 14 16 13 18 17 19 
738=15 17 18 13 14 10 11 12 16 19 	618=12 11 13 14 15 16 17 19 10 18 
948=17 19 10 15 16 11 13 12 14 18 	905=17 18 10 16 11 12 14 13 15 19 
406=11 17 19 13 16 14 10 18 12 15 	891=10 18 11 12 15 16 19 13 14 17 
60=12 15 19 14 13 18 16 10 11 17 	191=17 10 11 18 13 15 16 12 14 19 
414=13 15 12 11 14 18 19 16 10 17 	423=11 17 18 12 19 10 15 13 14 16 
293=10 11 12 15 16 19 14 13 17 18 	407=10 13 16 18 11 12 14 15 17 19 
293=10 11 12 15 16 19 14 13 17 18 	741=19 13 18 10 11 12 16 14 15 17 
252=14 13 17 16 11 18 19 15 12 10 	451=12 15 17 14 16 11 10 13 18 19 
500=15 10 13 14 11 17 19 16 12 18 	516=12 14 11 15 18 16 17 10 13 19 
896=17 14 10 12 13 16 11 15 18 19 	193=15 18 16 10 11 14 12 13 17 19 
915=16 10 12 15 17 18 11 13 14 19 	852=11 18 12 13 14 17 10 15 16 19 
977=14 15 16 17 13 19 12 18 10 11 	644=13 14 19 12 16 17 18 10 11 15 
465=10 13 12 18 11 14 15 16 17 19 	80=12 17 14 16 19 10 11 13 15 18 
266=11 18 19 10 14 12 13 15 16 17 	779=13 16 17 10 12 15 18 11 14 19 
946=11 19 17 12 15 10 18 13 14 16 	929=11 18 12 16 19 14 17 10 13 15 
676=19 11 13 16 15 12 17 18 10 14 	483=10 14 11 13 15 17 16 19 12 18 
177=14 11 19 13 12 16 10 18 17 15 	906=11 10 18 16 15 12 13 17 19 14 
674=11 13 12 18 19 10 14 16 15 17 	957=11 17 12 19 14 13 16 10 15 18 
346=13 17 18 12 10 11 19 14 15 16 	818=12 13 15 10 19 17 14 18 16 11 
586=12 13 17 14 18 10 15 11 16 19 	810=12 15 10 11 14 13 16 17 18 19 
161=10 11 15 12 17 14 16 13 18 19 	202=11 14 15 16 18 13 17 19 10 12 
895=11 12 13 17 19 10 14 16 15 18 	241=10 16 12 15 17 18 11 13 14 19 
329=15 19 13 16 18 10 14 17 11 12 	4=17 19 14 18 16 12 11 13 15 10 
246=10 15 16 11 13 17 18 19 12 14 	763=12 14 13 15 19 11 18 10 16 17 
892=12 13 15 17 10 11 14 16 19 18 	277=11 18 10 13 17 14 19 12 16 15 
647=11 12 15 17 19 10 14 16 13 18 	658=11 13 14 15 18 10 17 19 12 16 
674=11 13 12 18 19 10 14 16 15 17 	728=11 17 14 19 10 12 13 16 15 18 
664=10 16 12 15 14 18 11 13 17 19 	875=11 13 17 19 10 15 16 18 12 14 
308=11 15 18 17 19 12 16 10 13 14 	665=10 12 13 11 17 15 16 18 14 19 
569=10 16 11 15 18 17 12 13 14 19 	427=12 11 15 19 13 17 18 10 14 16 
70=10 11 12 13 17 19 14 16 18 15 	997=15 19 13 16 18 10 14 17 11 12 
494=15 10 14 18 13 16 19 11 12 17 	400=11 14 12 17 18 15 16 10 13 19 
408=11 15 16 19 14 17 18 12 10 13 	915=16 10 12 15 17 18 11 13 14 19 
150=12 13 14 15 17 11 16 18 19 10 	121=17 11 13 10 16 18 12 14 15 19 
835=10 13 11 18 12 14 16 17 15 19 	730=10 11 17 14 18 12 16 15 13 19 
370=10 11 17 12 15 16 13 14 18 19 	199=11 14 10 13 15 17 18 19 12 16 
876=13 14 16 11 17 19 18 10 15 12 	152=10 12 13 18 14 15 16 11 17 19 
892=12 13 15 17 10 11 14 16 19 18 	535=13 10 11 15 17 16 18 12 14 19 
341=16 12 13 18 19 15 11 14 10 17 	324=19 11 13 15 10 12 14 16 17 18 
901=17 12 14 11 16 15 19 10 13 18 	441=14 15 11 16 19 12 13 18 10 17 
269=11 14 15 16 18 19 17 13 10 12 	532=11 16 19 10 15 12 13 18 14 17 
696=11 18 19 13 14 10 15 16 12 17 	383=10 13 12 11 17 19 14 16 18 15 
17=19 13 14 15 18 16 12 11 17 10 	906=11 10 18 16 15 12 13 17 19 14 
17 19 11 
10 16 
18 13 12 
14 15 
251 252 255 239 Utilization 0.97745097

0=22 23 26 27 21 25 24 20 28 
1=26 22 25 20 21 28 23 24 27 
2=23 24 27 28 25 20 21 22 26 
3=20 26 27 28 21 22 23 24 25 
4=22 26 21 20 25 28 23 24 27 
5=22 23 26 21 28 24 27 20 25 
6=21 24 26 27 20 22 23 25 28 
7=23 26 27 28 21 22 20 24 25 
8=21 22 24 25 28 20 23 26 27 
9=23 25 27 28 21 26 20 22 24 
10=20 22 27 28 25 26 21 23 24 
11=21 22 25 20 23 24 26 27 28 
12=20 23 25 22 28 27 21 24 26 
13=26 28 21 22 23 27 20 24 25 
14=20 27 28 25 26 21 22 23 24 
15=21 22 28 20 23 24 25 26 27 
16=20 21 22 25 26 27 23 24 28 
17=20 21 24 26 25 27 28 22 23 
18=22 25 27 21 23 20 24 26 28 
19=22 25 21 28 20 23 24 26 27 
20=20 25 22 23 26 21 28 24 27 
21=21 22 24 20 26 27 28 23 25 
22=28 20 21 23 24 25 26 27 22 
23=23 24 21 27 20 25 22 26 28 
24=22 23 27 28 20 21 25 26 24 
25=23 25 26 28 21 24 27 22 20 
26=22 23 26 27 28 20 21 24 25 
27=23 24 26 20 21 28 25 22 27 
28=25 27 20 23 24 28 21 22 26 
29=24 21 23 26 20 25 27 28 22 
30=27 21 22 24 23 26 20 25 28 
31=25 27 23 24 28 22 20 21 26 
32=20 21 27 28 22 23 24 25 26 
33=23 24 27 22 28 21 25 20 26 
34=22 23 24 25 27 20 26 28 21 
35=22 27 20 21 24 26 28 23 25 
36=23 25 20 26 21 24 27 22 28 
37=20 24 26 22 23 28 25 21 27 
38=22 26 20 24 27 28 21 23 25 
39=22 23 25 27 20 21 24 26 28 
40=21 26 24 28 25 27 20 22 23 
41=21 22 28 23 24 25 26 27 20 
42=21 25 27 24 20 22 23 26 28 
43=21 20 24 23 26 27 22 25 28 
44=20 23 27 24 21 22 25 26 28 
45=22 24 28 21 23 20 27 25 26 
46=21 24 26 28 22 25 20 23 27 
47=20 24 26 23 28 21 22 25 27 
48=27 22 23 26 20 21 25 24 28 
49=23 28 24 25 27 20 21 22 26 
50=21 22 23 25 24 28 20 26 27 
51=21 24 26 23 20 22 27 28 25 
52=26 28 20 22 23 27 21 24 25 
53=21 27 28 20 25 26 23 24 22 
54=21 23 25 28 20 22 24 27 26 
55=23 25 26 28 20 27 21 22 24 
56=21 20 24 25 27 22 23 26 28 
57=28 21 26 27 20 22 25 23 24 
58=24 27 21 25 26 20 22 28 23 
59=28 26 27 21 20 22 23 24 25 
60=20 22 25 27 26 28 21 23 24 
61=24 23 26 20 22 25 27 28 21 
62=20 23 25 28 21 27 22 24 26 
63=24 27 22 23 25 26 20 21 28 
64=21 22 25 20 26 27 28 23 24 
65=20 24 27 28 21 23 22 26 25 
66=22 25 27 26 28 20 23 21 24 
67=20 23 25 27 28 21 22 24 26 
68=24 25 21 22 28 20 23 26 27 
69=25 26 23 28 21 22 24 27 20 
70=20 24 21 22 25 26 27 28 23 
71=27 24 25 28 20 22 21 23 26 
72=21 23 24 25 26 20 22 27 28 
73=21 24 23 27 28 22 25 20 26 
74=21 27 24 20 22 23 25 26 28 
75=23 25 26 27 21 20 24 28 22 
76=25 26 27 22 24 28 20 21 23 
77=20 22 24 26 27 28 25 21 23 
78=24 26 20 25 27 22 28 21 23 
79=21 22 25 26 27 23 20 24 28 
80=23 26 20 21 24 25 27 22 28 
81=20 21 23 28 25 26 22 24 27 
82=21 24 27 20 22 28 23 26 25 
83=21 22 20 23 25 26 27 28 24 
84=23 28 27 21 22 24 25 26 20 
85=26 23 24 20 22 27 21 25 28 
86=26 21 23 22 24 25 20 27 28 
87=21 22 23 26 24 27 28 20 25 
88=20 23 25 27 24 21 22 26 28 
89=20 21 26 22 24 25 28 23 27 
90=20 23 24 25 21 22 26 27 28 
91=27 24 25 20 21 22 23 26 28 
92=21 24 20 26 23 28 22 25 27 
93=20 22 25 28 23 24 26 27 21 
94=21 22 24 26 25 28 20 23 27 
95=21 24 26 27 22 23 25 28 20 
96=24 27 20 26 25 21 22 23 28 
97=21 22 26 23 24 20 25 27 28 
98=20 22 23 24 27 21 25 26 28 
99=26 28 21 22 24 25 27 20 23 
100=21 23 24 28 22 20 26 27 25 
101=23 28 24 22 25 20 21 26 27 
102=25 26 27 23 20 21 22 24 28 
103=21 22 20 24 26 28 23 25 27 
104=26 21 25 24 28 20 22 23 27 
105=20 21 23 24 25 28 22 26 27 
106=24 25 27 26 28 23 20 21 22 
107=24 25 22 27 28 20 26 21 23 
108=22 25 24 26 28 20 23 27 21 
109=22 21 23 28 20 25 27 24 26 
110=21 22 26 28 23 27 20 24 25 
111=23 27 24 20 21 22 25 26 28 
112=22 20 21 25 27 23 26 28 24 
113=20 22 21 24 23 28 25 26 27 
114=22 23 28 21 27 20 26 24 25 
115=22 23 25 28 20 27 21 24 26 
116=28 22 23 24 20 21 25 26 27 
117=22 25 23 24 26 20 21 27 28 
118=24 27 22 25 28 23 20 21 26 
119=21 23 24 26 28 22 25 20 27 
120=20 21 23 26 24 25 22 27 28 
121=22 20 21 23 25 26 27 24 28 
122=22 23 20 24 25 28 21 26 27 
123=25 26 27 21 22 23 24 28 20 
124=20 22 23 24 27 28 21 25 26 
125=20 21 23 27 25 22 24 26 28 
126=20 21 22 23 26 24 25 27 28 
127=20 21 22 24 25 28 23 26 27 
128=21 24 25 20 23 26 27 28 22 
129=22 28 20 21 27 25 26 23 24 
130=20 23 24 25 21 22 26 27 28 
131=21 26 23 27 22 20 24 25 28 
132=23 22 24 26 21 20 25 27 28 
133=21 22 25 26 23 24 28 20 27 
134=21 24 26 27 22 28 20 23 25 
135=20 21 25 23 24 26 28 22 27 
136=24 20 22 23 26 28 21 25 27 
137=22 23 24 26 28 20 27 21 25 
138=21 23 24 25 26 28 20 22 27 
139=24 27 28 23 26 20 21 22 25 
140=20 21 28 23 25 22 24 26 27 
141=20 23 26 27 28 21 24 25 22 
142=24 25 26 27 20 21 22 23 28 
143=21 24 28 20 22 25 27 23 26 
144=21 23 25 20 22 24 26 27 28 
145=25 20 21 23 24 22 26 27 28 
146=21 28 20 22 25 23 24 27 26 
147=21 25 27 26 28 20 22 23 24 
148=20 25 22 24 27 21 26 28 23 
149=28 21 24 26 27 20 22 23 25 
150=20 22 25 28 23 26 27 21 24 
151=22 25 26 20 28 23 24 27 21 
152=22 28 20 23 25 21 24 26 27 
153=20 21 23 26 27 28 22 24 25 
154=20 21 26 27 22 23 24 25 28 
155=25 26 27 22 23 24 28 21 20 
156=22 20 21 23 24 25 26 27 28 
157=25 27 20 24 26 21 22 23 28 
158=22 23 25 26 28 21 27 20 24 
159=20 22 23 24 25 21 26 27 28 
160=20 23 25 26 27 24 21 28 22 
161=22 24 27 20 21 23 26 25 28 
162=24 25 26 23 27 28 22 20 21 
163=20 23 27 28 25 22 26 21 24 
164=26 28 21 23 25 20 22 24 27 
165=21 22 24 25 26 20 27 28 23 
166=24 25 27 20 26 21 22 23 28 
167=22 24 25 26 28 20 21 23 27 
168=20 21 24 27 22 23 26 28 25 
169=21 22 24 23 27 25 26 20 28 
170=23 24 25 26 28 21 27 20 22 
171=23 28 24 25 26 21 20 22 27 
172=20 21 22 24 26 25 27 23 28 
173=22 23 24 25 26 28 21 27 20 
174=27 23 24 28 20 21 22 25 26 
175=25 26 27 20 21 22 23 24 28 
176=20 26 21 23 28 22 24 25 27 
177=23 26 22 25 27 20 21 24 28 
178=25 27 21 28 23 26 20 22 24 
179=20 21 25 22 27 24 28 23 26 
180=23 28 24 25 22 26 20 21 27 
181=20 21 23 25 28 26 27 22 24 
182=20 22 24 21 23 25 26 27 28 
183=24 25 28 26 27 20 21 22 23 
184=26 25 22 23 20 21 24 27 28 
185=20 22 23 25 24 21 26 27 28 
186=24 28 21 26 20 22 23 25 27 
187=23 26 27 28 20 22 24 25 21 
188=20 25 26 21 22 24 23 27 28 
189=20 21 25 23 22 26 27 24 28 
190=20 22 24 26 27 28 21 23 25 
191=22 23 26 24 21 25 27 28 20 
192=22 23 25 26 27 28 20 21 24 
193=22 23 24 20 25 26 27 28 21 
194=23 27 28 26 21 22 24 20 25 
195=20 22 24 28 21 23 27 25 26 
196=24 22 27 20 26 21 23 25 28 
197=21 26 28 20 22 23 24 25 27 
198=22 24 28 20 21 26 27 23 25 
199=22 24 25 28 20 21 23 26 27 
200=26 28 20 22 24 25 21 23 27 
201=28 22 24 26 20 21 23 25 27 
202=20 27 22 24 25 26 28 21 23 
203=23 25 26 24 28 20 21 22 27 
204=22 28 20 21 24 25 26 23 27 
205=21 22 27 23 24 25 28 20 26 
206=23 21 24 25 20 27 28 22 26 
207=20 24 27 21 26 22 23 28 25 
208=24 28 21 20 22 23 26 27 25 
209=20 22 28 25 27 21 24 26 23 
210=20 21 23 25 22 24 26 27 28 
211=20 24 25 28 27 23 26 21 22 
212=20 21 24 26 27 28 22 23 25 
213=20 24 27 28 21 25 26 22 23 
214=21 25 22 24 20 23 28 26 27 
215=20 25 28 21 22 23 24 27 26 
216=24 25 23 26 27 28 20 21 22 
217=27 26 20 21 22 23 24 25 28 
218=20 21 22 28 23 24 25 26 27 
219=20 21 22 23 26 25 28 24 27 
220=20 22 23 26 27 21 25 28 24 
221=21 24 25 27 28 20 22 23 26 
222=20 21 25 24 22 26 27 28 23 
223=20 23 24 28 27 25 21 22 26 
224=24 26 21 28 20 23 22 25 27 
225=23 26 27 20 22 25 28 21 24 
226=20 21 24 25 27 28 26 22 23 
227=26 28 21 24 27 22 23 25 20 
228=22 23 24 25 27 20 21 26 28 
229=20 26 21 24 25 22 23 27 28 
230=22 28 21 24 25 26 27 20 23 
231=23 20 21 22 26 27 25 24 28 
232=23 27 21 24 20 22 25 26 28 
233=20 23 27 21 22 26 28 24 25 
234=21 24 26 22 23 25 20 27 28 
235=22 21 24 27 20 23 25 26 28 
236=20 27 28 22 23 25 26 24 21 
237=20 25 21 26 27 22 23 24 28 
238=20 22 25 27 28 21 26 23 24 
239=21 22 25 27 20 23 24 28 26 
240=20 22 24 27 28 21 23 26 25 
241=21 23 27 20 22 25 28 24 26 
242=22 24 27 20 23 25 26 21 28 
243=21 22 24 27 20 23 25 26 28 
244=22 21 24 23 25 27 28 20 26 
245=21 22 25 27 28 26 20 23 24 
246=23 28 22 25 20 21 24 26 27 
247=22 23 20 21 24 25 26 27 28 
248=25 26 20 24 27 23 21 22 28 
249=22 26 27 28 21 25 20 23 24 
250=20 22 26 27 21 25 28 23 24 
251=22 25 24 27 20 21 26 23 28 
252=23 26 20 21 22 24 27 25 28 
253=21 23 26 27 22 24 20 25 28 
254=22 25 28 20 24 26 27 21 23 
255=26 21 28 24 25 20 22 23 27 
256=21 22 24 26 28 20 23 25 27 
257=20 22 24 26 27 21 23 28 25 
258=21 22 24 25 20 26 28 23 27 
259=25 21 22 27 28 23 24 20 26 
260=21 27 28 24 26 22 23 20 25 
261=25 27 23 26 21 24 20 22 28 
262=20 22 25 26 28 21 23 24 27 
263=20 22 25 27 28 21 23 26 24 
264=25 27 22 23 26 28 20 21 24 
265=21 22 26 27 20 23 25 24 28 
266=22 26 28 20 24 25 27 21 23 
267=21 23 25 20 22 24 26 28 27 
268=24 26 27 28 22 23 20 21 25 
269=21 27 28 26 20 22 23 24 25 
270=23 25 26 27 20 22 28 21 24 
271=20 22 25 26 27 21 23 24 28 
272=21 25 28 20 24 26 23 22 27 
273=24 26 27 20 22 25 21 28 23 
274=21 25 22 27 20 23 24 26 28 
275=21 23 24 25 20 27 28 22 26 
276=21 25 27 20 23 26 28 22 24 
277=24 27 23 28 22 20 21 25 26 
278=23 20 21 28 24 25 26 22 27 
279=20 24 21 27 26 22 23 25 28 
280=20 26 27 22 24 25 28 21 23 
281=22 24 20 21 25 26 27 28 23 
282=25 26 20 24 27 21 22 23 28 
283=20 28 25 21 23 24 26 22 27 
284=20 24 25 22 23 27 28 21 26 
285=22 25 26 20 21 23 24 27 28 
286=20 23 24 26 21 22 27 25 28 
287=20 22 21 25 28 23 24 26 27 
288=20 21 26 28 23 22 24 25 27 
289=20 22 23 26 28 21 25 24 27 
290=20 24 27 25 28 22 21 23 26 
291=23 24 20 25 27 28 21 22 26 
292=20 26 27 22 23 25 28 21 24 
293=20 23 26 27 28 24 25 21 22 
294=23 24 22 25 26 20 21 27 28 
295=27 20 24 25 28 22 26 21 23 
296=22 23 27 20 24 21 25 26 28 
297=23 20 25 26 21 28 22 24 27 
298=22 23 25 28 20 27 21 24 26 
299=25 26 27 20 21 23 24 22 28 
300=25 20 27 22 26 21 23 24 28 
301=25 21 23 24 26 27 28 20 22 
302=21 22 26 27 28 24 20 23 25 
303=24 27 21 22 23 26 20 25 28 
304=27 22 24 26 23 20 21 25 28 
305=21 22 24 25 28 20 23 26 27 
306=21 24 25 20 26 27 28 22 23 
307=21 22 24 28 20 23 25 26 27 
308=20 24 25 28 21 22 23 26 27 
309=21 23 26 27 25 20 22 24 28 
310=23 24 27 21 25 26 28 20 22 
311=20 21 24 25 27 22 26 23 28 
312=26 20 23 25 28 22 24 21 27 
313=25 27 21 22 23 24 26 20 28 
314=22 26 27 20 21 23 25 28 24 
315=24 26 25 27 23 28 20 21 22 
316=20 23 24 26 21 22 25 27 28 
317=20 25 23 24 21 26 27 28 22 
318=27 28 22 23 24 26 20 21 25 
319=23 24 20 25 27 21 22 26 28 
320=20 28 23 24 26 27 21 22 25 
321=20 23 25 27 22 24 26 28 21 
322=24 27 28 20 23 25 21 22 26 
323=20 27 21 25 22 23 24 26 28 
324=28 20 22 23 24 25 26 27 21 
325=21 25 27 22 23 24 20 26 28 
326=20 26 28 23 27 21 25 22 24 
327=20 24 23 25 22 26 21 27 28 
328=21 23 27 20 28 22 25 26 24 
329=26 21 22 25 20 23 27 28 24 
330=20 23 26 27 28 22 24 21 25 
331=20 22 24 27 26 21 25 28 23 
332=20 27 23 26 21 22 24 25 28 
333=22 25 28 20 21 23 24 26 27 
334=20 22 25 23 24 26 27 21 28 
335=20 24 23 22 25 28 21 26 27 
336=24 20 26 27 25 21 22 23 28 
337=20 24 21 22 23 26 25 27 28 
338=20 24 21 22 26 27 25 23 28 
339=20 26 27 21 28 22 23 24 25 
340=23 27 21 22 24 28 20 25 26 
341=24 26 20 21 25 28 22 23 27 
342=22 20 23 21 24 25 28 26 27 
343=21 26 25 20 22 23 24 27 28 
344=22 25 28 24 26 27 20 21 23 
345=21 25 26 28 20 22 23 24 27 
346=20 21 23 25 22 24 26 27 28 
347=21 23 24 26 27 20 25 22 28 
348=24 27 28 26 20 21 25 22 23 
349=21 23 24 20 27 22 25 26 28 
350=26 20 22 24 27 21 25 28 23 
351=21 25 26 22 24 28 23 27 20 
352=26 21 24 27 20 23 25 28 22 
353=21 22 24 25 23 26 20 27 28 
354=27 28 23 26 22 24 20 21 25 
355=26 27 22 23 25 20 21 24 28 
356=23 24 27 28 20 26 21 22 25 
357=25 21 22 27 20 23 24 26 28 
358=25 26 20 23 27 21 22 24 28 
359=22 23 25 28 20 27 21 24 26 
360=22 24 27 21 25 28 20 23 26 
361=25 23 26 20 21 22 24 27 28 
362=20 26 21 22 25 27 28 24 23 
363=20 22 27 23 24 21 25 26 28 
364=21 22 24 28 23 26 27 20 25 
365=25 22 20 21 27 28 23 24 26 
366=22 23 24 25 26 27 20 21 28 
367=21 25 28 24 20 23 26 22 27 
368=20 21 22 24 25 26 23 27 28 
369=24 23 28 20 21 25 26 22 27 
370=20 26 27 21 23 28 24 25 22 
371=25 28 22 23 24 26 27 20 21 
372=20 26 22 21 24 25 23 27 28 
373=20 21 22 24 25 23 26 27 28 
374=22 25 20 23 24 28 21 26 27 
375=27 20 25 23 24 21 22 26 28 
376=22 27 28 23 25 20 21 24 26 
377=22 27 24 26 28 20 21 25 23 
378=20 22 23 21 28 24 25 26 27 
379=21 26 20 23 24 28 22 25 27 
380=26 27 28 22 23 25 20 21 24 
381=20 22 25 26 28 23 24 27 21 
382=23 24 25 22 28 20 21 26 27 
383=21 25 28 24 26 22 27 20 23 
384=26 28 21 22 23 24 20 25 27 
385=21 22 27 26 28 20 23 24 25 
386=22 23 28 20 21 24 25 27 26 
387=21 24 26 23 20 22 25 27 28 
388=23 24 27 28 20 25 22 26 21 
389=23 27 24 25 20 22 28 21 26 
390=20 21 27 24 23 26 28 22 25 
391=23 26 22 24 25 27 28 20 21 
392=22 27 21 23 24 25 28 20 26 
393=23 28 21 24 26 20 22 27 25 
394=20 24 27 28 21 22 23 25 26 
395=22 24 26 27 20 28 21 23 25 
396=20 22 26 21 23 28 27 24 25 
397=21 20 22 23 26 27 28 25 24 
398=20 27 26 21 22 23 24 25 28 
399=27 22 28 20 21 23 24 25 26 
400=23 24 26 25 28 21 27 20 22 
401=23 26 20 24 21 22 25 27 28 
402=25 27 20 21 22 23 24 28 26 
403=20 25 22 21 26 27 23 24 28 
404=20 22 23 25 26 28 21 24 27 
405=22 25 27 28 23 20 21 24 26 
406=25 20 24 27 21 22 28 23 26 
407=20 27 28 21 22 24 25 26 23 
408=25 27 28 23 26 20 24 21 22 
409=22 24 25 28 26 27 21 20 23 
410=24 25 28 21 22 23 20 26 27 
411=23 20 24 28 25 27 21 22 26 
412=20 25 28 21 23 24 27 22 26 
413=20 22 24 25 26 21 23 27 28 
414=22 23 24 27 25 26 20 21 28 
415=21 20 23 26 24 28 22 25 27 
416=20 22 24 26 21 27 28 23 25 
417=22 20 24 25 27 21 23 26 28 
418=20 27 21 23 26 28 25 22 24 
419=21 22 27 28 20 23 26 24 25 
420=22 24 20 21 23 26 27 25 28 
421=26 27 20 22 23 28 21 24 25 
422=23 28 21 22 27 25 20 24 26 
423=21 28 27 22 24 20 23 25 26 
424=20 22 23 24 27 25 26 28 21 
425=28 21 22 23 24 26 27 25 20 
426=20 21 22 23 25 27 24 26 28 
427=24 25 27 21 23 28 20 22 26 
428=21 23 24 27 28 22 25 26 20 
429=26 21 24 25 28 22 23 27 20 
430=20 25 28 21 22 24 26 27 23 
431=24 20 22 25 28 21 23 27 26 
432=21 23 26 25 24 28 20 22 27 
433=20 21 25 22 28 24 26 23 27 
434=21 24 28 25 27 20 22 26 23 
435=24 27 20 23 25 21 22 26 28 
436=20 21 24 23 25 22 26 27 28 
437=21 22 23 26 20 25 24 27 28 
438=24 21 28 20 22 25 26 27 23 
439=22 23 24 26 28 20 21 25 27 
440=20 21 25 22 24 28 23 26 27 
441=21 22 25 26 20 23 24 27 28 
442=21 23 26 24 20 22 25 27 28 
443=24 21 22 23 27 20 25 26 28 
444=20 27 21 23 26 22 24 25 28 
445=20 25 26 28 21 23 24 27 22 
446=22 27 28 21 25 23 24 26 20 
447=22 24 27 20 21 23 25 26 28 
448=22 27 20 21 25 26 28 23 24 
449=20 21 22 26 28 23 27 24 25 
450=25 26 27 28 20 21 22 24 23 
451=20 26 27 24 25 22 23 28 21 
452=21 22 27 20 23 26 24 25 28 
453=25 22 23 28 24 27 20 21 26 
454=25 26 21 22 24 28 23 20 27 
455=24 28 23 27 20 25 26 21 22 
456=20 21 22 25 26 24 27 28 23 
457=21 25 26 23 24 28 20 27 22 
458=20 25 24 28 21 23 26 27 22 
459=21 22 24 20 25 26 23 28 27 
460=26 20 23 22 25 27 21 24 28 
461=21 22 23 27 20 24 26 28 25 
462=25 26 27 24 28 20 21 23 22 
463=21 22 25 20 23 26 24 27 28 
464=23 26 27 20 21 28 22 24 25 
465=24 20 21 22 23 25 26 27 28 
466=23 26 28 20 22 21 24 25 27 
467=20 21 25 28 23 26 27 22 24 
468=23 25 27 28 22 26 20 21 24 
469=21 20 25 22 24 26 27 23 28 
470=20 25 26 21 23 24 22 27 28 
471=20 21 23 27 28 24 25 26 22 
472=20 21 22 26 27 25 28 23 24 
473=23 21 22 20 24 25 26 27 28 
474=24 26 23 25 28 21 27 20 22 
475=20 23 26 24 21 22 25 27 28 
476=28 22 23 24 25 27 20 21 26 
477=21 22 27 28 20 23 25 24 26 
478=20 26 28 22 21 23 24 25 27 
479=20 21 26 28 22 24 27 23 25 
480=21 25 22 23 27 20 26 28 24 
481=28 21 22 23 26 20 24 25 27 
482=22 25 26 28 21 27 20 23 24 
483=22 28 26 27 20 21 23 24 25 
484=22 26 21 20 23 27 28 24 25 
485=24 28 21 22 23 25 20 26 27 
486=21 22 24 28 20 25 23 26 27 
487=20 22 23 28 21 27 24 25 26 
488=28 20 21 22 23 24 26 27 25 
489=20 21 22 23 26 24 25 27 28 
490=25 28 20 21 22 24 27 23 26 
491=23 27 20 22 28 21 24 25 26 
492=20 22 23 21 26 27 24 25 28 
493=27 23 24 20 21 22 25 26 28 
494=22 28 21 24 26 20 23 25 27 
495=22 24 28 21 23 25 26 27 20 
496=20 22 23 24 27 28 26 21 25 
497=20 21 25 28 22 23 24 26 27 
498=25 26 27 28 20 21 22 24 23 
499=20 21 22 24 26 28 25 23 27 
500=20 27 28 23 24 26 25 21 22 
501=23 27 25 22 26 28 20 21 24 
502=21 26 27 20 23 25 22 24 28 
503=23 25 21 22 28 20 24 26 27 
504=24 20 22 25 28 21 23 26 27 
505=21 22 23 27 25 26 28 20 24 
506=24 20 23 22 25 26 21 27 28 
507=22 24 25 28 20 26 21 23 27 
508=20 21 23 24 26 28 22 25 27 
509=20 26 22 23 24 27 25 21 28 
510=20 25 23 26 27 21 22 24 28 
511=21 23 24 27 20 22 28 25 26 
512=23 27 22 24 26 20 25 21 28 
513=24 25 26 28 20 21 27 22 23 
514=25 26 27 22 23 24 20 21 28 
515=21 23 26 27 28 20 25 22 24 
516=20 22 25 28 26 27 21 23 24 
517=20 21 28 22 26 27 23 24 25 
518=21 25 23 24 27 20 22 26 28 
519=20 22 24 21 23 25 26 27 28 
520=21 26 27 20 23 24 25 22 28 
521=24 22 23 20 21 25 26 27 28 
522=24 26 28 20 22 23 25 27 21 
523=25 23 24 27 26 20 21 22 28 
524=23 26 22 27 20 21 24 25 28 
525=23 26 20 24 25 21 28 22 27 
526=21 22 24 26 23 25 27 20 28 
527=27 22 25 23 26 28 20 21 24 
528=24 26 21 25 27 28 20 22 23 
529=21 25 23 24 26 28 20 22 27 
530=26 21 22 23 24 20 25 27 28 
531=25 28 23 20 21 22 24 26 27 
532=20 25 27 21 22 24 26 23 28 
533=24 25 26 27 28 21 20 22 23 
534=21 27 22 23 24 28 20 25 26 
535=20 22 24 27 21 23 25 28 26 
536=20 21 22 24 27 28 23 25 26 
537=21 25 26 20 23 27 24 28 22 
538=20 22 21 24 27 23 25 26 28 
539=20 21 24 22 23 27 25 26 28 
540=24 26 20 21 23 28 25 27 22 
541=28 23 24 26 22 25 27 20 21 
542=28 22 24 26 20 21 23 25 27 
543=20 21 23 24 26 25 27 22 28 
544=20 28 22 21 23 25 26 24 27 
545=23 27 24 25 28 21 20 22 26 
546=22 26 25 20 21 27 23 24 28 
547=21 28 23 25 27 20 22 24 26 
548=24 25 22 26 20 21 23 27 28 
549=20 23 25 28 21 26 27 22 24 
550=20 21 24 27 22 23 25 26 28 
551=24 25 27 22 28 20 23 26 21 
552=20 21 22 23 24 25 26 27 28 
553=21 28 20 23 25 26 22 24 27 
554=24 25 23 27 21 26 28 20 22 
555=20 21 26 27 28 23 25 22 24 
556=22 28 20 23 21 24 25 26 27 
557=21 27 20 22 23 26 28 24 25 
558=20 26 28 22 23 24 25 27 21 
559=21 26 20 24 25 27 22 23 28 
560=23 22 25 27 28 21 24 26 20 
561=23 25 27 28 22 24 26 21 20 
562=21 23 24 25 26 20 22 27 28 
563=24 22 20 26 27 28 21 23 25 
564=24 25 21 28 22 23 26 20 27 
565=21 24 28 20 23 26 27 22 25 
566=20 24 21 27 22 23 25 26 28 
567=21 23 26 27 28 22 20 25 24 
568=20 22 25 24 26 28 21 23 27 
569=25 26 27 20 23 21 22 24 28 
570=21 22 24 23 25 20 26 27 28 
571=24 26 25 20 21 22 23 27 28 
572=21 23 28 22 26 27 20 24 25 
573=21 25 28 22 23 24 20 26 27 
574=21 22 24 28 20 25 23 26 27 
575=21 26 20 23 28 24 25 22 27 
576=24 27 21 23 20 22 25 28 26 
577=24 27 20 22 23 26 21 25 28 
578=24 26 27 20 22 23 25 28 21 
579=23 27 22 28 25 26 20 21 24 
580=21 22 24 25 26 20 23 27 28 
581=20 22 26 23 27 25 21 24 28 
582=20 25 28 23 24 26 21 22 27 
583=20 21 22 23 28 27 26 24 25 
584=26 20 21 22 23 24 25 27 28 
585=25 24 26 20 21 22 23 27 28 
586=22 24 25 26 27 21 23 28 20 
587=23 25 20 21 24 26 28 22 27 
588=25 26 27 20 23 24 21 22 28 
589=22 24 25 27 23 28 20 21 26 
590=21 24 27 28 20 23 26 22 25 
591=23 26 27 24 21 22 28 20 25 
592=22 26 21 24 27 28 20 23 25 
593=22 20 21 23 24 25 26 27 28 
594=22 20 23 24 25 28 21 26 27 
595=21 22 25 28 24 20 23 26 27 
596=23 24 25 27 20 22 26 28 21 
597=25 22 28 21 20 23 24 26 27 
598=26 28 20 21 23 27 22 25 24 
599=28 21 22 26 20 25 27 23 24 
600=23 27 24 25 20 28 21 22 26 
601=22 20 21 23 25 24 26 27 28 
602=22 28 20 25 21 23 26 24 27 
603=28 22 24 21 20 23 25 26 27 
604=25 21 23 24 26 27 28 20 22 
605=20 24 25 22 23 28 21 26 27 
606=20 22 23 26 27 28 25 24 21 
607=23 25 28 26 27 21 20 22 24 
608=22 23 27 20 26 21 28 24 25 
609=22 27 20 21 26 23 24 25 28 
610=22 26 28 21 24 25 20 23 27 
611=22 23 20 24 26 27 21 28 25 
612=22 24 25 28 21 23 26 27 20 
613=20 21 26 23 22 24 27 28 25 
614=20 23 24 25 26 28 21 22 27 
615=24 21 25 26 28 20 23 27 22 
616=21 26 28 20 22 23 25 24 27 
617=20 25 28 21 23 26 22 24 27 
618=21 24 25 26 20 28 27 22 23 
619=22 23 25 26 21 24 28 20 27 
620=20 24 22 21 23 25 27 26 28 
621=23 27 28 20 21 24 25 26 22 
622=21 20 23 25 26 27 28 22 24 
623=20 21 22 24 23 26 27 25 28 
624=24 25 28 22 27 20 23 26 21 
625=25 26 27 20 23 24 28 22 21 
626=22 28 21 27 24 26 20 23 25 
627=24 25 20 22 21 26 27 28 23 
628=20 23 26 21 22 24 27 25 28 
629=23 24 20 22 28 26 27 21 25 
630=21 25 26 22 24 27 20 23 28 
631=24 23 26 25 27 28 20 21 22 
632=20 26 22 23 24 25 28 21 27 
633=20 22 24 27 23 21 25 26 28 
634=21 26 27 20 22 23 24 25 28 
635=21 25 20 23 26 27 28 22 24 
636=20 21 25 26 24 27 28 22 23 
637=25 26 28 22 23 24 20 21 27 
638=20 22 25 23 21 27 28 24 26 
639=26 28 20 22 25 21 23 24 27 
640=21 27 20 22 25 23 24 26 28 
641=24 27 28 23 26 20 21 25 22 
642=20 21 22 25 27 24 28 23 26 
643=26 28 20 21 25 22 23 27 24 
644=27 20 24 26 28 21 25 22 23 
645=22 25 27 28 21 23 20 24 26 
646=24 25 22 26 27 28 20 21 23 
647=20 25 27 21 22 23 24 26 28 
648=20 24 26 23 27 21 22 25 28 
649=24 28 21 22 27 20 25 23 26 
650=20 26 21 25 28 23 24 22 27 
651=21 22 26 27 24 20 23 25 28 
652=20 21 23 22 26 27 28 24 25 
653=20 26 28 22 23 25 21 24 27 
654=20 23 28 21 22 24 26 27 25 
655=20 25 22 24 21 23 26 27 28 
656=20 22 23 28 25 26 27 21 24 
657=21 24 20 23 25 26 27 28 22 
658=21 25 20 23 28 27 22 24 26 
659=20 21 22 23 24 26 27 28 25 
660=20 21 22 23 24 28 26 25 27 
661=22 25 24 26 28 20 27 21 23 
662=23 25 28 20 21 22 24 26 27 
663=21 27 23 25 26 28 20 22 24 
664=22 25 27 21 23 28 26 20 24 
665=27 21 25 20 22 23 24 26 28 
666=26 20 21 23 28 22 24 27 25 
667=28 24 26 27 20 21 22 23 25 
668=20 24 22 23 28 21 25 26 27 
669=21 26 22 23 27 20 25 28 24 
670=20 24 25 27 21 26 23 28 22 
671=20 22 23 28 21 25 26 27 24 
672=20 25 23 24 27 21 26 28 22 
673=27 28 25 24 20 21 22 23 26 
674=21 22 23 24 25 26 20 27 28 
675=22 21 26 27 20 23 24 25 28 
676=20 26 27 21 22 28 24 25 23 
677=20 22 23 28 24 25 21 26 27 
678=23 28 20 27 22 26 21 24 25 
679=20 25 26 22 27 21 23 28 24 
680=20 21 22 25 24 23 26 27 28 
681=22 27 20 25 28 21 23 24 26 
682=24 25 22 23 27 28 26 20 21 
683=20 24 25 26 27 21 28 22 23 
684=20 24 25 27 28 23 26 21 22 
685=23 25 26 27 28 22 24 20 21 
686=21 22 23 24 28 20 25 26 27 
687=22 24 20 21 23 25 26 27 28 
688=20 21 25 27 23 24 22 26 28 
689=21 22 26 27 20 23 25 24 28 
690=23 26 21 27 28 24 25 20 22 
691=22 27 28 24 26 21 20 23 25 
692=20 22 26 27 28 21 23 24 25 
693=22 23 25 27 20 24 21 26 28 
694=25 28 22 23 26 20 24 21 27 
695=22 23 28 24 26 20 21 25 27 
696=21 27 28 20 22 24 25 23 26 
697=24 28 22 25 20 21 23 26 27 
698=21 23 25 26 28 24 27 20 22 
699=20 26 21 23 28 22 24 25 27 
700=21 23 26 28 22 27 20 24 25 
701=20 21 28 22 23 26 27 24 25 
702=26 22 24 25 27 28 20 21 23 
703=26 20 21 27 22 23 24 25 28 
704=23 26 28 21 22 25 27 20 24 
705=20 22 25 26 28 27 21 23 24 
706=20 24 28 21 22 23 25 26 27 
707=21 23 24 25 26 20 22 28 27 
708=20 28 22 26 27 21 23 24 25 
709=20 23 25 26 21 22 24 27 28 
710=26 28 20 21 23 24 22 27 25 
711=22 23 25 27 28 20 24 21 26 
712=24 25 20 21 22 23 28 26 27 
713=21 26 22 27 28 20 25 23 24 
714=22 24 26 27 28 21 20 25 23 
715=26 28 24 25 20 21 22 23 27 
716=23 26 20 22 24 28 21 25 27 
717=28 24 20 21 22 26 27 23 25 
718=21 22 27 20 23 24 28 25 26 
719=24 28 22 23 20 21 27 25 26 
720=21 25 26 22 23 24 20 27 28 
721=20 25 26 24 27 28 21 22 23 
722=27 21 22 24 28 20 23 25 26 
723=22 28 23 24 25 26 20 21 27 
724=20 25 22 23 24 26 27 28 21 
725=21 23 24 26 20 27 28 25 22 
726=23 26 28 20 21 24 25 22 27 
727=22 24 28 20 21 23 25 26 27 
728=23 28 22 25 26 21 27 20 24 
729=20 21 22 26 27 23 25 28 24 
730=20 23 22 26 21 24 25 27 28 
731=20 22 23 24 21 25 26 27 28 
732=25 26 28 20 21 22 23 24 27 
733=22 25 26 20 27 24 28 21 23 
734=20 27 23 24 25 26 28 21 22 
735=20 24 26 27 21 22 23 25 28 
736=21 22 26 23 28 27 20 24 25 
737=20 25 28 23 24 26 27 21 22 
738=25 22 21 23 24 26 27 20 28 
739=20 22 23 26 28 21 25 27 24 
740=21 24 28 20 23 25 27 22 26 
741=20 27 22 24 25 26 28 21 23 
742=22 26 21 27 20 23 24 25 28 
743=21 25 22 27 20 23 24 26 28 
744=20 24 25 26 28 27 21 22 23 
745=22 20 24 26 27 21 23 25 28 
746=23 25 26 27 28 21 20 22 24 
747=20 27 28 23 25 21 22 24 26 
748=21 26 27 20 22 24 28 23 25 
749=20 23 27 21 22 26 25 28 24 
750=22 26 28 25 21 23 20 24 27 
751=22 24 20 21 27 28 23 25 26 
752=23 26 20 22 24 25 21 27 28 
753=23 21 26 27 22 24 28 20 25 
754=25 28 24 27 21 23 20 22 26 
755=21 22 25 26 27 23 20 24 28 
756=24 26 22 20 21 28 23 25 27 
757=20 23 24 25 27 28 22 26 21 
758=22 27 20 23 26 28 21 24 25 
759=21 24 26 20 22 23 25 27 28 
760=21 24 20 22 23 25 26 27 28 
761=20 21 25 28 22 23 24 26 27 
762=20 24 25 22 23 26 27 21 28 
763=21 26 20 22 23 24 25 27 28 
764=20 21 22 23 28 26 24 25 27 
765=20 21 24 25 22 23 26 27 28 
766=28 21 22 25 20 23 24 26 27 
767=23 25 20 22 24 21 26 28 27 
768=21 23 25 26 27 20 28 22 24 
769=28 20 22 23 25 27 21 24 26 
770=20 21 22 23 24 26 25 27 28 
771=27 28 20 21 24 22 23 26 25 
772=23 26 20 21 22 24 25 27 28 
773=25 22 26 28 20 21 23 24 27 
774=22 24 26 20 21 25 27 28 23 
775=23 28 21 22 24 26 27 20 25 
776=22 26 27 20 28 23 21 24 25 
777=25 26 27 28 22 23 21 20 24 
778=20 23 24 25 21 26 22 27 28 
779=24 21 25 27 28 20 22 23 26 
780=22 24 26 27 28 23 20 21 25 
781=22 23 26 27 24 28 20 21 25 
782=24 26 21 23 27 28 20 22 25 
783=20 21 23 24 26 22 25 27 28 
784=24 25 26 22 27 20 21 23 28 
785=21 26 28 20 22 23 24 25 27 
786=22 26 20 21 27 28 23 24 25 
787=23 24 26 28 21 20 22 25 27 
788=20 24 27 28 23 25 21 22 26 
789=23 24 20 25 27 21 22 26 28 
790=20 21 24 27 22 25 23 26 28 
791=21 23 26 28 22 20 25 27 24 
792=26 22 23 20 24 28 21 25 27 
793=26 28 21 22 23 24 20 25 27 
794=23 21 20 24 26 27 28 22 25 
795=20 21 22 27 28 24 23 25 26 
796=22 25 26 28 24 27 20 21 23 
797=21 23 24 22 25 28 20 26 27 
798=27 20 25 26 21 24 22 23 28 
799=21 22 23 28 26 20 24 25 27 
800=21 28 24 25 23 27 20 22 26 
801=20 22 24 25 27 26 28 21 23 
802=20 22 24 25 26 21 27 28 23 
803=22 27 28 26 20 23 24 25 21 
804=20 26 28 25 27 22 23 24 21 
805=23 27 20 21 24 25 22 26 28 
806=22 28 20 21 23 24 25 26 27 
807=22 23 25 27 20 24 21 28 26 
808=24 21 20 22 25 26 28 23 27 
809=20 26 28 22 23 25 27 21 24 
810=27 20 21 24 25 26 22 23 28 
811=24 28 25 22 20 21 23 26 27 
812=20 23 25 21 27 28 22 24 26 
813=20 27 22 24 21 25 26 23 28 
814=24 20 25 26 22 28 21 23 27 
815=23 25 26 28 20 21 24 22 27 
816=21 24 25 26 28 20 22 23 27 
817=21 22 23 28 26 25 27 20 24 
818=23 25 26 28 20 21 24 22 27 
819=20 22 23 24 27 25 21 28 26 
820=24 20 21 22 28 23 26 25 27 
821=22 20 26 27 23 25 28 21 24 
822=21 23 20 22 27 28 25 24 26 
823=25 27 20 21 22 23 24 26 28 
824=23 28 21 27 25 26 20 22 24 
825=20 21 22 25 26 28 23 27 24 
826=20 21 22 23 24 25 27 28 26 
827=27 24 25 22 26 20 21 23 28 
828=22 23 24 28 21 27 20 25 26 
829=20 22 24 21 26 23 25 27 28 
830=28 21 22 23 24 26 27 20 25 
831=21 23 26 28 22 20 24 25 27 
832=22 26 20 24 21 25 27 23 28 
833=22 24 27 21 25 20 23 26 28 
834=22 23 24 27 26 20 25 28 21 
835=20 21 24 25 27 26 28 22 23 
836=21 25 26 27 23 24 22 20 28 
837=20 21 22 25 28 24 27 23 26 
838=22 28 25 21 23 24 26 20 27 
839=20 21 22 25 23 24 27 28 26 
840=20 25 26 27 28 21 22 23 24 
841=22 23 24 28 25 26 20 21 27 
842=22 24 23 26 25 28 20 21 27 
843=27 25 26 28 21 22 24 20 23 
844=21 23 26 27 20 28 22 24 25 
845=21 23 25 27 28 22 20 24 26 
846=21 24 22 23 27 28 25 26 20 
847=22 25 26 24 20 23 27 28 21 
848=20 21 23 24 26 28 25 22 27 
849=20 26 27 21 23 25 22 24 28 
850=21 24 27 28 22 23 25 20 26 
851=24 20 22 26 23 21 25 27 28 
852=23 27 21 26 25 28 20 22 24 
853=21 22 24 28 20 23 27 25 26 
854=23 24 28 20 21 25 26 27 22 
855=21 28 20 23 24 27 26 22 25 
856=22 23 25 26 27 20 21 24 28 
857=21 25 27 23 26 22 24 20 28 
858=22 20 21 26 28 24 27 23 25 
859=20 21 22 25 28 23 27 26 24 
860=24 21 23 27 20 25 26 28 22 
861=23 26 27 28 20 25 21 22 24 
862=26 21 27 22 23 24 25 28 20 
863=20 28 24 21 23 25 26 27 22 
864=23 27 21 22 26 28 20 24 25 
865=24 20 21 22 23 26 28 25 27 
866=23 20 24 26 28 21 27 22 25 
867=20 23 25 27 22 26 28 24 21 
868=24 26 20 22 23 25 27 21 28 
869=23 28 27 21 24 26 20 22 25 
870=22 23 25 26 20 21 24 27 28 
871=20 23 24 25 26 28 22 27 21 
872=23 27 26 21 22 25 28 20 24 
873=20 22 26 21 24 25 27 28 23 
874=20 22 27 21 24 26 28 23 25 
875=23 20 25 26 27 28 22 24 21 
876=22 27 21 25 28 20 23 24 26 
877=21 23 26 22 20 24 25 27 28 
878=20 21 25 26 27 22 28 23 24 
879=22 23 24 26 21 28 20 25 27 
880=21 24 22 23 27 20 25 28 26 
881=20 24 25 26 23 27 21 22 28 
882=21 22 26 27 20 24 23 25 28 
883=21 22 23 25 28 20 24 26 27 
884=20 22 23 25 27 26 28 21 24 
885=22 27 20 21 23 24 25 26 28 
886=21 27 24 20 22 25 26 23 28 
887=22 28 20 24 25 27 21 23 26 
888=24 22 27 28 26 20 21 23 25 
889=26 27 23 24 20 25 28 21 22 
890=20 21 22 23 27 24 25 28 26 
891=21 25 20 26 23 24 27 22 28 
892=23 27 28 21 22 25 20 24 26 
893=22 24 23 26 27 28 20 21 25 
894=22 20 24 21 23 28 25 26 27 
895=21 27 20 25 24 28 22 23 26 
896=24 27 28 23 22 20 21 25 26 
897=21 26 20 27 22 23 24 25 28 
898=24 21 22 28 20 23 25 26 27 
899=21 23 26 27 20 22 25 24 28 
900=21 28 20 23 25 27 22 24 26 
901=20 23 27 24 22 28 21 25 26 
902=24 25 26 28 22 27 20 21 23 
903=25 26 28 23 27 21 22 24 20 
904=24 25 26 27 28 21 22 20 23 
905=28 24 25 26 20 21 22 23 27 
906=24 26 28 20 22 23 25 27 21 
907=20 21 22 23 25 24 26 27 28 
908=24 22 25 26 28 21 23 27 20 
909=24 27 21 25 20 22 26 23 28 
910=20 21 23 27 22 24 28 25 26 
911=21 22 26 27 23 28 20 25 24 
912=20 24 27 21 23 25 22 28 26 
913=24 27 20 21 25 23 26 28 22 
914=20 22 23 28 21 24 25 26 27 
915=20 23 21 22 25 26 28 24 27 
916=20 28 24 26 27 21 23 22 25 
917=23 28 21 22 24 25 20 26 27 
918=20 21 22 23 25 27 24 26 28 
919=21 24 28 20 23 26 22 25 27 
920=27 24 25 26 28 20 21 22 23 
921=26 28 20 22 23 24 25 21 27 
922=21 23 22 25 27 24 28 20 26 
923=21 23 25 20 24 26 27 28 22 
924=20 22 28 21 24 26 27 23 25 
925=25 27 24 22 23 26 28 20 21 
926=20 22 23 24 25 21 26 27 28 
927=20 25 27 23 28 21 22 26 24 
928=22 26 23 24 28 20 25 27 21 
929=24 26 28 20 27 21 22 23 25 
930=21 22 25 26 28 20 23 24 27 
931=20 22 24 27 21 23 25 26 28 
932=24 26 20 21 23 25 28 22 27 
933=26 20 22 28 21 25 23 24 27 
934=20 23 28 21 25 22 24 26 27 
935=22 23 26 24 27 20 28 21 25 
936=20 21 22 27 28 26 23 24 25 
937=24 28 20 26 27 21 22 25 23 
938=22 25 27 20 21 23 24 28 26 
939=22 20 25 27 28 21 23 26 24 
940=25 28 26 21 24 20 22 23 27 
941=21 22 23 26 20 25 27 24 28 
942=21 22 20 24 23 26 27 25 28 
943=23 28 24 26 20 22 25 27 21 
944=21 24 25 28 23 22 20 26 27 
945=22 21 23 24 27 20 25 26 28 
946=22 25 26 28 20 27 21 23 24 
947=21 24 27 20 22 26 23 25 28 
948=24 26 21 22 25 28 20 23 27 
949=20 24 28 21 22 23 25 26 27 
950=24 27 28 20 21 25 22 23 26 
951=21 23 24 26 25 28 20 22 27 
952=26 28 21 22 23 25 20 24 27 
953=22 25 21 24 27 28 20 26 23 
954=26 27 22 23 25 24 28 20 21 
955=24 20 21 28 22 26 27 23 25 
956=22 24 28 21 25 26 27 20 23 
957=25 22 23 24 28 20 26 27 21 
958=23 24 27 20 21 26 28 22 25 
959=24 27 28 21 23 25 26 20 22 
960=23 27 21 24 20 22 25 28 26 
961=23 24 25 20 21 26 27 22 28 
962=24 23 20 27 28 21 22 25 26 
963=21 22 23 27 28 20 24 26 25 
964=24 21 22 23 25 27 28 20 26 
965=20 22 28 27 24 21 23 25 26 
966=26 22 20 21 27 28 23 24 25 
967=22 23 24 25 26 20 27 28 21 
968=24 25 26 28 21 22 20 23 27 
969=22 24 27 28 23 25 20 21 26 
970=23 28 22 25 26 20 21 24 27 
971=21 25 22 20 24 27 23 26 28 
972=25 27 22 23 24 28 20 26 21 
973=21 24 20 22 23 28 25 27 26 
974=20 22 27 23 28 21 24 25 26 
975=20 22 23 27 28 21 24 25 26 
976=20 22 27 21 28 24 25 23 26 
977=21 27 22 23 25 26 20 24 28 
978=21 23 28 20 25 27 22 24 26 
979=21 23 25 20 26 22 24 27 28 
980=28 20 24 21 23 22 25 26 27 
981=22 23 25 28 24 21 20 26 27 
982=24 25 26 27 21 23 20 22 28 
983=20 27 28 23 26 24 25 21 22 
984=26 28 22 21 24 25 20 23 27 
985=20 21 25 22 26 27 23 24 28 
986=20 22 23 25 21 24 26 27 28 
987=27 23 22 24 25 20 21 26 28 
988=22 23 27 20 26 21 24 25 28 
989=23 26 27 20 22 25 28 21 24 
990=24 20 23 26 28 21 22 25 27 
991=21 22 25 27 26 28 20 24 23 
992=20 25 22 23 24 26 21 27 28 
993=21 22 24 25 27 28 20 23 26 
994=22 25 20 21 24 26 23 27 28 
995=20 26 27 24 25 21 22 23 28 
996=22 23 24 20 25 26 27 21 28 
997=20 21 24 27 23 26 28 25 22 
998=20 23 28 22 25 27 21 24 26 
999=24 26 27 28 25 20 21 22 23 
747=20 27 28 23 25 21 22 24 26 	718=21 22 27 20 23 24 28 25 26 
681=22 27 20 25 28 21 23 24 26 	602=22 28 20 25 21 23 26 24 27 
88=20 23 25 27 24 21 22 26 28 	308=20 24 25 28 21 22 23 26 27 
757=20 23 24 25 27 28 22 26 21 	223=20 23 24 28 27 25 21 22 26 
466=23 26 28 20 22 21 24 25 27 	895=21 27 20 25 24 28 22 23 26 
428=21 23 24 27 28 22 25 26 20 	681=22 27 20 25 28 21 23 24 26 
999=24 26 27 28 25 20 21 22 23 	945=22 21 23 24 27 20 25 26 28 
399=27 22 28 20 21 23 24 25 26 	438=24 21 28 20 22 25 26 27 23 
901=20 23 27 24 22 28 21 25 26 	870=22 23 25 26 20 21 24 27 28 
979=21 23 25 20 26 22 24 27 28 	828=22 23 24 28 21 27 20 25 26 
448=22 27 20 21 25 26 28 23 24 	755=21 22 25 26 27 23 20 24 28 
665=27 21 25 20 22 23 24 26 28 	311=20 21 24 25 27 22 26 23 28 
911=21 22 26 27 23 28 20 25 24 	600=23 27 24 25 20 28 21 22 26 
866=23 20 24 26 28 21 27 22 25 	481=28 21 22 23 26 20 24 25 27 
647=20 25 27 21 22 23 24 26 28 	785=21 26 28 20 22 23 24 25 27 
567=21 23 26 27 28 22 20 25 24 	389=23 27 24 25 20 22 28 21 26 
839=20 21 22 25 23 24 27 28 26 	110=21 22 26 28 23 27 20 24 25 
947=21 24 27 20 22 26 23 25 28 	882=21 22 26 27 20 24 23 25 28 
918=20 21 22 23 25 27 24 26 28 	356=23 24 27 28 20 26 21 22 25 
950=24 27 28 20 21 25 22 23 26 	233=20 23 27 21 22 26 28 24 25 
365=25 22 20 21 27 28 23 24 26 	531=25 28 23 20 21 22 24 26 27 
788=20 24 27 28 23 25 21 22 26 	70=20 24 21 22 25 26 27 28 23 
589=22 24 25 27 23 28 20 21 26 	781=22 23 26 27 24 28 20 21 25 
277=24 27 23 28 22 20 21 25 26 	411=23 20 24 28 25 27 21 22 26 
831=21 23 26 28 22 20 24 25 27 	766=28 21 22 25 20 23 24 26 27 
28=25 27 20 23 24 28 21 22 26 	304=27 22 24 26 23 20 21 25 28 
906=24 26 28 20 22 23 25 27 21 	493=27 23 24 20 21 22 25 26 28 
884=20 22 23 25 27 26 28 21 24 	698=21 23 25 26 28 24 27 20 22 
719=24 28 22 23 20 21 27 25 26 	233=20 23 27 21 22 26 28 24 25 
260=21 27 28 24 26 22 23 20 25 	342=22 20 23 21 24 25 28 26 27 
716=23 26 20 22 24 28 21 25 27 	46=21 24 26 28 22 25 20 23 27 
343=21 26 25 20 22 23 24 27 28 	399=27 22 28 20 21 23 24 25 26 
321=20 23 25 27 22 24 26 28 21 	702=26 22 24 25 27 28 20 21 23 
134=21 24 26 27 22 28 20 23 25 	138=21 23 24 25 26 28 20 22 27 
168=20 21 24 27 22 23 26 28 25 	780=22 24 26 27 28 23 20 21 25 
28=25 27 20 23 24 28 21 22 26 	851=24 20 22 26 23 21 25 27 28 
68=24 25 21 22 28 20 23 26 27 	838=22 28 25 21 23 24 26 20 27 
42=21 25 27 24 20 22 23 26 28 	960=23 27 21 24 20 22 25 28 26 
703=26 20 21 27 22 23 24 25 28 	955=24 20 21 28 22 26 27 23 25 
993=21 22 24 25 27 28 20 23 26 	676=20 26 27 21 22 28 24 25 23 
539=20 21 24 22 23 27 25 26 28 	383=21 25 28 24 26 22 27 20 23 
101=23 28 24 22 25 20 21 26 27 	206=23 21 24 25 20 27 28 22 26 
144=21 23 25 20 22 24 26 27 28 	250=20 22 26 27 21 25 28 23 24 
904=24 25 26 27 28 21 22 20 23 	576=24 27 21 23 20 22 25 28 26 
387=21 24 26 23 20 22 25 27 28 	849=20 26 27 21 23 25 22 24 28 
359=22 23 25 28 20 27 21 24 26 	553=21 28 20 23 25 26 22 24 27 
973=21 24 20 22 23 28 25 27 26 	654=20 23 28 21 22 24 26 27 25 
282=25 26 20 24 27 21 22 23 28 	499=20 21 22 24 26 28 25 23 27 
109=22 21 23 28 20 25 27 24 26 	759=21 24 26 20 22 23 25 27 28 
128=21 24 25 20 23 26 27 28 22 	808=24 21 20 22 25 26 28 23 27 
679=20 25 26 22 27 21 23 28 24 	27=23 24 26 20 21 28 25 22 27 
450=25 26 27 28 20 21 22 24 23 	148=20 25 22 24 27 21 26 28 23 
212=20 21 24 26 27 28 22 23 25 	63=24 27 22 23 25 26 20 21 28 
647=20 25 27 21 22 23 24 26 28 	570=21 22 24 23 25 20 26 27 28 
819=20 22 23 24 27 25 21 28 26 	890=20 21 22 23 27 24 25 28 26 
582=20 25 28 23 24 26 21 22 27 	416=20 22 24 26 21 27 28 23 25 
896=24 27 28 23 22 20 21 25 26 	981=22 23 25 28 24 21 20 26 27 
619=22 23 25 26 21 24 28 20 27 	61=24 23 26 20 22 25 27 28 21 
421=26 27 20 22 23 28 21 24 25 	780=22 24 26 27 28 23 20 21 25 
485=24 28 21 22 23 25 20 26 27 	38=22 26 20 24 27 28 21 23 25 
180=23 28 24 25 22 26 20 21 27 	953=22 25 21 24 27 28 20 26 23 
125=20 21 23 27 25 22 24 26 28 	390=20 21 27 24 23 26 28 22 25 
107=24 25 22 27 28 20 26 21 23 	763=21 26 20 22 23 24 25 27 28 
354=27 28 23 26 22 24 20 21 25 	116=28 22 23 24 20 21 25 26 27 
989=23 26 27 20 22 25 28 21 24 	369=24 23 28 20 21 25 26 22 27 
390=20 21 27 24 23 26 28 22 25 	940=25 28 26 21 24 20 22 23 27 
494=22 28 21 24 26 20 23 25 27 	483=22 28 26 27 20 21 23 24 25 
576=24 27 21 23 20 22 25 28 26 	747=20 27 28 23 25 21 22 24 26 
794=23 21 20 24 26 27 28 22 25 	269=21 27 28 26 20 22 23 24 25 
531=25 28 23 20 21 22 24 26 27 	440=20 21 25 22 24 28 23 26 27 
155=25 26 27 22 23 24 28 21 20 	266=22 26 28 20 24 25 27 21 23 
981=22 23 25 28 24 21 20 26 27 	518=21 25 23 24 27 20 22 26 28 
12=20 23 25 22 28 27 21 24 26 	700=21 23 26 28 22 27 20 24 25 
529=21 25 23 24 26 28 20 22 27 	47=20 24 26 23 28 21 22 25 27 
367=21 25 28 24 20 23 26 22 27 	146=21 28 20 22 25 23 24 27 26 
696=21 27 28 20 22 24 25 23 26 	968=24 25 26 28 21 22 20 23 27 
901=20 23 27 24 22 28 21 25 26 	869=23 28 27 21 24 26 20 22 25 
1=26 22 25 20 21 28 23 24 27 	464=23 26 27 20 21 28 22 24 25 
797=21 23 24 22 25 28 20 26 27 	170=23 24 25 26 28 21 27 20 22 
383=21 25 28 24 26 22 27 20 23 	101=23 28 24 22 25 20 21 26 27 
35=22 27 20 21 24 26 28 23 25 	455=24 28 23 27 20 25 26 21 22 
57=28 21 26 27 20 22 25 23 24 	63=24 27 22 23 25 26 20 21 28 
849=20 26 27 21 23 25 22 24 28 	560=23 22 25 27 28 21 24 26 20 
33=23 24 27 22 28 21 25 20 26 	753=23 21 26 27 22 24 28 20 25 
254=22 25 28 20 24 26 27 21 23 	648=20 24 26 23 27 21 22 25 28 
806=22 28 20 21 23 24 25 26 27 	110=21 22 26 28 23 27 20 24 25 
582=20 25 28 23 24 26 21 22 27 	18=22 25 27 21 23 20 24 26 28 
774=22 24 26 20 21 25 27 28 23 	193=22 23 24 20 25 26 27 28 21 
748=21 26 27 20 22 24 28 23 25 	504=24 20 22 25 28 21 23 26 27 
935=22 23 26 24 27 20 28 21 25 	169=21 22 24 23 27 25 26 20 28 
409=22 24 25 28 26 27 21 20 23 	926=20 22 23 24 25 21 26 27 28 
527=27 22 25 23 26 28 20 21 24 	396=20 22 26 21 23 28 27 24 25 
923=21 23 25 20 24 26 27 28 22 	571=24 26 25 20 21 22 23 27 28 
824=23 28 21 27 25 26 20 22 24 	335=20 24 23 22 25 28 21 26 27 
473=23 21 22 20 24 25 26 27 28 	44=20 23 27 24 21 22 25 26 28 
658=21 25 20 23 28 27 22 24 26 	162=24 25 26 23 27 28 22 20 21 
84=23 28 27 21 22 24 25 26 20 	569=25 26 27 20 23 21 22 24 28 
118=24 27 22 25 28 23 20 21 26 	154=20 21 26 27 22 23 24 25 28 
524=23 26 22 27 20 21 24 25 28 	864=23 27 21 22 26 28 20 24 25 
326=20 26 28 23 27 21 25 22 24 	556=22 28 20 23 21 24 25 26 27 
597=25 22 28 21 20 23 24 26 27 	509=20 26 22 23 24 27 25 21 28 
979=21 23 25 20 26 22 24 27 28 	987=27 23 22 24 25 20 21 26 28 
701=20 21 28 22 23 26 27 24 25 	329=26 21 22 25 20 23 27 28 24 
575=21 26 20 23 28 24 25 22 27 	240=20 22 24 27 28 21 23 26 25 
514=25 26 27 22 23 24 20 21 28 	224=24 26 21 28 20 23 22 25 27 
86=26 21 23 22 24 25 20 27 28 	869=23 28 27 21 24 26 20 22 25 
468=23 25 27 28 22 26 20 21 24 	102=25 26 27 23 20 21 22 24 28 
392=22 27 21 23 24 25 28 20 26 	185=20 22 23 25 24 21 26 27 28 
629=23 24 20 22 28 26 27 21 25 	989=23 26 27 20 22 25 28 21 24 
912=20 24 27 21 23 25 22 28 26 	29=24 21 23 26 20 25 27 28 22 
788=20 24 27 28 23 25 21 22 26 	679=20 25 26 22 27 21 23 28 24 
83=21 22 20 23 25 26 27 28 24 	23=23 24 21 27 20 25 22 26 28 
599=28 21 22 26 20 25 27 23 24 	111=23 27 24 20 21 22 25 26 28 
853=21 22 24 28 20 23 27 25 26 	875=23 20 25 26 27 28 22 24 21 
632=20 26 22 23 24 25 28 21 27 	997=20 21 24 27 23 26 28 25 22 
467=20 21 25 28 23 26 27 22 24 	350=26 20 22 24 27 21 25 28 23 
40=21 26 24 28 25 27 20 22 23 	324=28 20 22 23 24 25 26 27 21 
356=23 24 27 28 20 26 21 22 25 	332=20 27 23 26 21 22 24 25 28 
928=22 26 23 24 28 20 25 27 21 	243=21 22 24 27 20 23 25 26 28 
625=25 26 27 20 23 24 28 22 21 	260=21 27 28 24 26 22 23 20 25 
566=20 24 21 27 22 23 25 26 28 	333=22 25 28 20 21 23 24 26 27 
796=22 25 26 28 24 27 20 21 23 	692=20 22 26 27 28 21 23 24 25 
795=20 21 22 27 28 24 23 25 26 	49=23 28 24 25 27 20 21 22 26 
792=26 22 23 20 24 28 21 25 27 	443=24 21 22 23 27 20 25 26 28 
237=20 25 21 26 27 22 23 24 28 	221=21 24 25 27 28 20 22 23 26 
192=22 23 25 26 27 28 20 21 24 	229=20 26 21 24 25 22 23 27 28 
677=20 22 23 28 24 25 21 26 27 	188=20 25 26 21 22 24 23 27 28 
400=23 24 26 25 28 21 27 20 22 	221=21 24 25 27 28 20 22 23 26 
40=21 26 24 28 25 27 20 22 23 	431=24 20 22 25 28 21 23 27 26 
188=20 25 26 21 22 24 23 27 28 	351=21 25 26 22 24 28 23 27 20 
753=23 21 26 27 22 24 28 20 25 	366=22 23 24 25 26 27 20 21 28 
983=20 27 28 23 26 24 25 21 22 	239=21 22 25 27 20 23 24 28 26 
625=25 26 27 20 23 24 28 22 21 	489=20 21 22 23 26 24 25 27 28 
224=24 26 21 28 20 23 22 25 27 	390=20 21 27 24 23 26 28 22 25 
392=22 27 21 23 24 25 28 20 26 	875=23 20 25 26 27 28 22 24 21 
459=21 22 24 20 25 26 23 28 27 	51=21 24 26 23 20 22 27 28 25 
3=20 26 27 28 21 22 23 24 25 	46=21 24 26 28 22 25 20 23 27 
958=23 24 27 20 21 26 28 22 25 	934=20 23 28 21 25 22 24 26 27 
704=23 26 28 21 22 25 27 20 24 	816=21 24 25 26 28 20 22 23 27 
784=24 25 26 22 27 20 21 23 28 	478=20 26 28 22 21 23 24 25 27 
615=24 21 25 26 28 20 23 27 22 	638=20 22 25 23 21 27 28 24 26 
403=20 25 22 21 26 27 23 24 28 	273=24 26 27 20 22 25 21 28 23 
640=21 27 20 22 25 23 24 26 28 	46=21 24 26 28 22 25 20 23 27 
578=24 26 27 20 22 23 25 28 21 	443=24 21 22 23 27 20 25 26 28 
261=25 27 23 26 21 24 20 22 28 	397=21 20 22 23 26 27 28 25 24 
395=22 24 26 27 20 28 21 23 25 	745=22 20 24 26 27 21 23 25 28 
400=23 24 26 25 28 21 27 20 22 	554=24 25 23 27 21 26 28 20 22 
531=25 28 23 20 21 22 24 26 27 	959=24 27 28 21 23 25 26 20 22 
955=24 20 21 28 22 26 27 23 25 	741=20 27 22 24 25 26 28 21 23 
960=23 27 21 24 20 22 25 28 26 	618=21 24 25 26 20 28 27 22 23 
500=20 27 28 23 24 26 25 21 22 	74=21 27 24 20 22 23 25 26 28 
971=21 25 22 20 24 27 23 26 28 	444=20 27 21 23 26 22 24 25 28 
876=22 27 21 25 28 20 23 24 26 	718=21 22 27 20 23 24 28 25 26 
344=22 25 28 24 26 27 20 21 23 	395=22 24 26 27 20 28 21 23 25 
621=23 27 28 20 21 24 25 26 22 	567=21 23 26 27 28 22 20 25 24 
113=20 22 21 24 23 28 25 26 27 	658=21 25 20 23 28 27 22 24 26 
698=21 23 25 26 28 24 27 20 22 	394=20 24 27 28 21 22 23 25 26 
27=23 24 26 20 21 28 25 22 27 	263=20 22 25 27 28 21 23 26 24 
631=24 23 26 25 27 28 20 21 22 	856=22 23 25 26 27 20 21 24 28 
407=20 27 28 21 22 24 25 26 23 	716=23 26 20 22 24 28 21 25 27 
408=25 27 28 23 26 20 24 21 22 	446=22 27 28 21 25 23 24 26 20 
969=22 24 27 28 23 25 20 21 26 	814=24 20 25 26 22 28 21 23 27 
433=20 21 25 22 28 24 26 23 27 	796=22 25 26 28 24 27 20 21 23 
727=22 24 28 20 21 23 25 26 27 	86=26 21 23 22 24 25 20 27 28 
628=20 23 26 21 22 24 27 25 28 	57=28 21 26 27 20 22 25 23 24 
229=20 26 21 24 25 22 23 27 28 	970=23 28 22 25 26 20 21 24 27 
805=23 27 20 21 24 25 22 26 28 	904=24 25 26 27 28 21 22 20 23 
347=21 23 24 26 27 20 25 22 28 	480=21 25 22 23 27 20 26 28 24 
929=24 26 28 20 27 21 22 23 25 	599=28 21 22 26 20 25 27 23 24 
242=22 24 27 20 23 25 26 21 28 	164=26 28 21 23 25 20 22 24 27 
966=26 22 20 21 27 28 23 24 25 	335=20 24 23 22 25 28 21 26 27 
943=23 28 24 26 20 22 25 27 21 	562=21 23 24 25 26 20 22 27 28 
684=20 24 25 27 28 23 26 21 22 	931=20 22 24 27 21 23 25 26 28 
793=26 28 21 22 23 24 20 25 27 	639=26 28 20 22 25 21 23 24 27 
831=21 23 26 28 22 20 24 25 27 	38=22 26 20 24 27 28 21 23 25 
792=26 22 23 20 24 28 21 25 27 	969=22 24 27 28 23 25 20 21 26 
917=23 28 21 22 24 25 20 26 27 	969=22 24 27 28 23 25 20 21 26 
547=21 28 23 25 27 20 22 24 26 	404=20 22 23 25 26 28 21 24 27 
235=22 21 24 27 20 23 25 26 28 	726=23 26 28 20 21 24 25 22 27 
148=20 25 22 24 27 21 26 28 23 	169=21 22 24 23 27 25 26 20 28 
792=26 22 23 20 24 28 21 25 27 	719=24 28 22 23 20 21 27 25 26 
734=20 27 23 24 25 26 28 21 22 	300=25 20 27 22 26 21 23 24 28 
506=24 20 23 22 25 26 21 27 28 	273=24 26 27 20 22 25 21 28 23 
35=22 27 20 21 24 26 28 23 25 	592=22 26 21 24 27 28 20 23 25 
645=22 25 27 28 21 23 20 24 26 	895=21 27 20 25 24 28 22 23 26 
738=25 22 21 23 24 26 27 20 28 	171=23 28 24 25 26 21 20 22 27 
721=20 25 26 24 27 28 21 22 23 	689=21 22 26 27 20 23 25 24 28 
367=21 25 28 24 20 23 26 22 27 	504=24 20 22 25 28 21 23 26 27 
46=21 24 26 28 22 25 20 23 27 	482=22 25 26 28 21 27 20 23 24 
362=20 26 21 22 25 27 28 24 23 	274=21 25 22 27 20 23 24 26 28 
347=21 23 24 26 27 20 25 22 28 	252=23 26 20 21 22 24 27 25 28 
377=22 27 24 26 28 20 21 25 23 	659=20 21 22 23 24 26 27 28 25 
158=22 23 25 26 28 21 27 20 24 	934=20 23 28 21 25 22 24 26 27 
953=22 25 21 24 27 28 20 26 23 	624=24 25 28 22 27 20 23 26 21 
604=25 21 23 24 26 27 28 20 22 	176=20 26 21 23 28 22 24 25 27 
779=24 21 25 27 28 20 22 23 26 	369=24 23 28 20 21 25 26 22 27 
546=22 26 25 20 21 27 23 24 28 	557=21 27 20 22 23 26 28 24 25 
138=21 23 24 25 26 28 20 22 27 	830=28 21 22 23 24 26 27 20 25 
815=23 25 26 28 20 21 24 22 27 	60=20 22 25 27 26 28 21 23 24 
58=24 27 21 25 26 20 22 28 23 	559=21 26 20 24 25 27 22 23 28 
97=21 22 26 23 24 20 25 27 28 	506=24 20 23 22 25 26 21 27 28 
903=25 26 28 23 27 21 22 24 20 	654=20 23 28 21 22 24 26 27 25 
751=22 24 20 21 27 28 23 25 26 	263=20 22 25 27 28 21 23 26 24 
805=23 27 20 21 24 25 22 26 28 	781=22 23 26 27 24 28 20 21 25 
616=21 26 28 20 22 23 25 24 27 	284=20 24 25 22 23 27 28 21 26 
475=20 23 26 24 21 22 25 27 28 	472=20 21 22 26 27 25 28 23 24 
339=20 26 27 21 28 22 23 24 25 	683=20 24 25 26 27 21 28 22 23 
901=20 23 27 24 22 28 21 25 26 	953=22 25 21 24 27 28 20 26 23 
797=21 23 24 22 25 28 20 26 27 	238=20 22 25 27 28 21 26 23 24 
138=21 23 24 25 26 28 20 22 27 	505=21 22 23 27 25 26 28 20 24 
636=20 21 25 26 24 27 28 22 23 	855=21 28 20 23 24 27 26 22 25 
943=23 28 24 26 20 22 25 27 21 	308=20 24 25 28 21 22 23 26 27 
585=25 24 26 20 21 22 23 27 28 	478=20 26 28 22 21 23 24 25 27 
864=23 27 21 22 26 28 20 24 25 	264=25 27 22 23 26 28 20 21 24 
428=21 23 24 27 28 22 25 26 20 	674=21 22 23 24 25 26 20 27 28 
365=25 22 20 21 27 28 23 24 26 	88=20 23 25 27 24 21 22 26 28 
83=21 22 20 23 25 26 27 28 24 	14=20 27 28 25 26 21 22 23 24 
388=23 24 27 28 20 25 22 26 21 	632=20 26 22 23 24 25 28 21 27 
451=20 26 27 24 25 22 23 28 21 	374=22 25 20 23 24 28 21 26 27 
985=20 21 25 22 26 27 23 24 28 	250=20 22 26 27 21 25 28 23 24 
575=21 26 20 23 28 24 25 22 27 	222=20 21 25 24 22 26 27 28 23 
278=23 20 21 28 24 25 26 22 27 	677=20 22 23 28 24 25 21 26 27 
428=21 23 24 27 28 22 25 26 20 	957=25 22 23 24 28 20 26 27 21 
981=22 23 25 28 24 21 20 26 27 	894=22 20 24 21 23 28 25 26 27 
598=26 28 20 21 23 27 22 25 24 	595=21 22 25 28 24 20 23 26 27 
619=22 23 25 26 21 24 28 20 27 	352=26 21 24 27 20 23 25 28 22 
37=20 24 26 22 23 28 25 21 27 	132=23 22 24 26 21 20 25 27 28 
406=25 20 24 27 21 22 28 23 26 	901=20 23 27 24 22 28 21 25 26 
632=20 26 22 23 24 25 28 21 27 	385=21 22 27 26 28 20 23 24 25 
939=22 20 25 27 28 21 23 26 24 	262=20 22 25 26 28 21 23 24 27 
487=20 22 23 28 21 27 24 25 26 	312=26 20 23 25 28 22 24 21 27 
106=24 25 27 26 28 23 20 21 22 	881=20 24 25 26 23 27 21 22 28 
581=20 22 26 23 27 25 21 24 28 	373=20 21 22 24 25 23 26 27 28 
189=20 21 25 23 22 26 27 24 28 	452=21 22 27 20 23 26 24 25 28 
596=23 24 25 27 20 22 26 28 21 	401=23 26 20 24 21 22 25 27 28 
910=20 21 23 27 22 24 28 25 26 	558=20 26 28 22 23 24 25 27 21 
41=21 22 28 23 24 25 26 27 20 	942=21 22 20 24 23 26 27 25 28 
803=22 27 28 26 20 23 24 25 21 	126=20 21 22 23 26 24 25 27 28 
198=22 24 28 20 21 26 27 23 25 	336=24 20 26 27 25 21 22 23 28 
603=28 22 24 21 20 23 25 26 27 	904=24 25 26 27 28 21 22 20 23 
77=20 22 24 26 27 28 25 21 23 	870=22 23 25 26 20 21 24 27 28 
663=21 27 23 25 26 28 20 22 24 	227=26 28 21 24 27 22 23 25 20 
799=21 22 23 28 26 20 24 25 27 	931=20 22 24 27 21 23 25 26 28 
195=20 22 24 28 21 23 27 25 26 	941=21 22 23 26 20 25 27 24 28 
765=20 21 24 25 22 23 26 27 28 	971=21 25 22 20 24 27 23 26 28 
746=23 25 26 27 28 21 20 22 24 	951=21 23 24 26 25 28 20 22 27 
433=20 21 25 22 28 24 26 23 27 	328=21 23 27 20 28 22 25 26 24 
509=20 26 22 23 24 27 25 21 28 	691=22 27 28 24 26 21 20 23 25 
680=20 21 22 25 24 23 26 27 28 	75=23 25 26 27 21 20 24 28 22 
809=20 26 28 22 23 25 27 21 24 	688=20 21 25 27 23 24 22 26 28 
554=24 25 23 27 21 26 28 20 22 	89=20 21 26 22 24 25 28 23 27 
542=28 22 24 26 20 21 23 25 27 	873=20 22 26 21 24 25 27 28 23 
744=20 24 25 26 28 27 21 22 23 	608=22 23 27 20 26 21 28 24 25 
592=22 26 21 24 27 28 20 23 25 	262=20 22 25 26 28 21 23 24 27 
456=20 21 22 25 26 24 27 28 23 	603=28 22 24 21 20 23 25 26 27 
686=21 22 23 24 28 20 25 26 27 	495=22 24 28 21 23 25 26 27 20 
726=23 26 28 20 21 24 25 22 27 	795=20 21 22 27 28 24 23 25 26 
844=21 23 26 27 20 28 22 24 25 	444=20 27 21 23 26 22 24 25 28 
157=25 27 20 24 26 21 22 23 28 	168=20 21 24 27 22 23 26 28 25 
298=22 23 25 28 20 27 21 24 26 	351=21 25 26 22 24 28 23 27 20 
338=20 24 21 22 26 27 25 23 28 	491=23 27 20 22 28 21 24 25 26 
914=20 22 23 28 21 24 25 26 27 	521=24 22 23 20 21 25 26 27 28 
953=22 25 21 24 27 28 20 26 23 	762=20 24 25 22 23 26 27 21 28 
659=20 21 22 23 24 26 27 28 25 	427=24 25 27 21 23 28 20 22 26 
644=27 20 24 26 28 21 25 22 23 	556=22 28 20 23 21 24 25 26 27 
528=24 26 21 25 27 28 20 22 23 	923=21 23 25 20 24 26 27 28 22 
258=21 22 24 25 20 26 28 23 27 	200=26 28 20 22 24 25 21 23 27 
802=20 22 24 25 26 21 27 28 23 	789=23 24 20 25 27 21 22 26 28 
797=21 23 24 22 25 28 20 26 27 	422=23 28 21 22 27 25 20 24 26 
750=22 26 28 25 21 23 20 24 27 	677=20 22 23 28 24 25 21 26 27 
422=23 28 21 22 27 25 20 24 26 	392=22 27 21 23 24 25 28 20 26 
33=23 24 27 22 28 21 25 20 26 	662=23 25 28 20 21 22 24 26 27 
761=20 21 25 28 22 23 24 26 27 	593=22 20 21 23 24 25 26 27 28 
522=24 26 28 20 22 23 25 27 21 	961=23 24 25 20 21 26 27 22 28 
743=21 25 22 27 20 23 24 26 28 	834=22 23 24 27 26 20 25 28 21 
531=25 28 23 20 21 22 24 26 27 	617=20 25 28 21 23 26 22 24 27 
505=21 22 23 27 25 26 28 20 24 	569=25 26 27 20 23 21 22 24 28 
487=20 22 23 28 21 27 24 25 26 	839=20 21 22 25 23 24 27 28 26 
670=20 24 25 27 21 26 23 28 22 	460=26 20 23 22 25 27 21 24 28 
930=21 22 25 26 28 20 23 24 27 	548=24 25 22 26 20 21 23 27 28 
103=21 22 20 24 26 28 23 25 27 	673=27 28 25 24 20 21 22 23 26 
188=20 25 26 21 22 24 23 27 28 	140=20 21 28 23 25 22 24 26 27 
43=21 20 24 23 26 27 22 25 28 	162=24 25 26 23 27 28 22 20 21 
184=26 25 22 23 20 21 24 27 28 	797=21 23 24 22 25 28 20 26 27 
903=25 26 28 23 27 21 22 24 20 	36=23 25 20 26 21 24 27 22 28 
78=24 26 20 25 27 22 28 21 23 	253=21 23 26 27 22 24 20 25 28 
52=26 28 20 22 23 27 21 24 25 	823=25 27 20 21 22 23 24 26 28 
347=21 23 24 26 27 20 25 22 28 	224=24 26 21 28 20 23 22 25 27 
149=28 21 24 26 27 20 22 23 25 	703=26 20 21 27 22 23 24 25 28 
523=25 23 24 27 26 20 21 22 28 	500=20 27 28 23 24 26 25 21 22 
325=21 25 27 22 23 24 20 26 28 	825=20 21 22 25 26 28 23 27 24 
920=27 24 25 26 28 20 21 22 23 	591=23 26 27 24 21 22 28 20 25 
284=20 24 25 22 23 27 28 21 26 	94=21 22 24 26 25 28 20 23 27 
715=26 28 24 25 20 21 22 23 27 	613=20 21 26 23 22 24 27 28 25 
345=21 25 26 28 20 22 23 24 27 	844=21 23 26 27 20 28 22 24 25 
350=26 20 22 24 27 21 25 28 23 	994=22 25 20 21 24 26 23 27 28 
199=22 24 25 28 20 21 23 26 27 	674=21 22 23 24 25 26 20 27 28 
97=21 22 26 23 24 20 25 27 28 	629=23 24 20 22 28 26 27 21 25 
516=20 22 25 28 26 27 21 23 24 	40=21 26 24 28 25 27 20 22 23 
105=20 21 23 24 25 28 22 26 27 	222=20 21 25 24 22 26 27 28 23 
327=20 24 23 25 22 26 21 27 28 	501=23 27 25 22 26 28 20 21 24 
541=28 23 24 26 22 25 27 20 21 	412=20 25 28 21 23 24 27 22 26 
373=20 21 22 24 25 23 26 27 28 	983=20 27 28 23 26 24 25 21 22 
837=20 21 22 25 28 24 27 23 26 	773=25 22 26 28 20 21 23 24 27 
82=21 24 27 20 22 28 23 26 25 	769=28 20 22 23 25 27 21 24 26 
145=25 20 21 23 24 22 26 27 28 	949=20 24 28 21 22 23 25 26 27 
818=23 25 26 28 20 21 24 22 27 	105=20 21 23 24 25 28 22 26 27 
163=20 23 27 28 25 22 26 21 24 	757=20 23 24 25 27 28 22 26 21 
576=24 27 21 23 20 22 25 28 26 	102=25 26 27 23 20 21 22 24 28 
656=20 22 23 28 25 26 27 21 24 	997=20 21 24 27 23 26 28 25 22 
224=24 26 21 28 20 23 22 25 27 	303=24 27 21 22 23 26 20 25 28 
35=22 27 20 21 24 26 28 23 25 	232=23 27 21 24 20 22 25 26 28 
182=20 22 24 21 23 25 26 27 28 	266=22 26 28 20 24 25 27 21 23 
54=21 23 25 28 20 22 24 27 26 	409=22 24 25 28 26 27 21 20 23 
576=24 27 21 23 20 22 25 28 26 	829=20 22 24 21 26 23 25 27 28 
312=26 20 23 25 28 22 24 21 27 	237=20 25 21 26 27 22 23 24 28 
73=21 24 23 27 28 22 25 20 26 	420=22 24 20 21 23 26 27 25 28 
183=24 25 28 26 27 20 21 22 23 	501=23 27 25 22 26 28 20 21 24 
720=21 25 26 22 23 24 20 27 28 	342=22 20 23 21 24 25 28 26 27 
653=20 26 28 22 23 25 21 24 27 	634=21 26 27 20 22 23 24 25 28 
401=23 26 20 24 21 22 25 27 28 	144=21 23 25 20 22 24 26 27 28 
458=20 25 24 28 21 23 26 27 22 	10=20 22 27 28 25 26 21 23 24 
355=26 27 22 23 25 20 21 24 28 	158=22 23 25 26 28 21 27 20 24 
290=20 24 27 25 28 22 21 23 26 	92=21 24 20 26 23 28 22 25 27 
365=25 22 20 21 27 28 23 24 26 	33=23 24 27 22 28 21 25 20 26 
116=28 22 23 24 20 21 25 26 27 	567=21 23 26 27 28 22 20 25 24 
191=22 23 26 24 21 25 27 28 20 	1=26 22 25 20 21 28 23 24 27 
829=20 22 24 21 26 23 25 27 28 	12=20 23 25 22 28 27 21 24 26 
348=24 27 28 26 20 21 25 22 23 	863=20 28 24 21 23 25 26 27 22 
686=21 22 23 24 28 20 25 26 27 	119=21 23 24 26 28 22 25 20 27 
904=24 25 26 27 28 21 22 20 23 	538=20 22 21 24 27 23 25 26 28 
672=20 25 23 24 27 21 26 28 22 	877=21 23 26 22 20 24 25 27 28 
288=20 21 26 28 23 22 24 25 27 	75=23 25 26 27 21 20 24 28 22 
130=20 23 24 25 21 22 26 27 28 	230=22 28 21 24 25 26 27 20 23 
528=24 26 21 25 27 28 20 22 23 	569=25 26 27 20 23 21 22 24 28 
760=21 24 20 22 23 25 26 27 28 	953=22 25 21 24 27 28 20 26 23 
983=20 27 28 23 26 24 25 21 22 	271=20 22 25 26 27 21 23 24 28 
335=20 24 23 22 25 28 21 26 27 	173=22 23 24 25 26 28 21 27 20 
590=21 24 27 28 20 23 26 22 25 	315=24 26 25 27 23 28 20 21 22 
49=23 28 24 25 27 20 21 22 26 	161=22 24 27 20 21 23 26 25 28 
847=22 25 26 24 20 23 27 28 21 	131=21 26 23 27 22 20 24 25 28 
955=24 20 21 28 22 26 27 23 25 	322=24 27 28 20 23 25 21 22 26 
421=26 27 20 22 23 28 21 24 25 	622=21 20 23 25 26 27 28 22 24 
531=25 28 23 20 21 22 24 26 27 	904=24 25 26 27 28 21 22 20 23 
609=22 27 20 21 26 23 24 25 28 	40=21 26 24 28 25 27 20 22 23 
135=20 21 25 23 24 26 28 22 27 	858=22 20 21 26 28 24 27 23 25 
194=23 27 28 26 21 22 24 20 25 	109=22 21 23 28 20 25 27 24 26 
309=21 23 26 27 25 20 22 24 28 	471=20 21 23 27 28 24 25 26 22 
268=24 26 27 28 22 23 20 21 25 	654=20 23 28 21 22 24 26 27 25 
904=24 25 26 27 28 21 22 20 23 	450=25 26 27 28 20 21 22 24 23 
311=20 21 24 25 27 22 26 23 28 	31=25 27 23 24 28 22 20 21 26 
558=20 26 28 22 23 24 25 27 21 	419=21 22 27 28 20 23 26 24 25 
286=20 23 24 26 21 22 27 25 28 	725=21 23 24 26 20 27 28 25 22 
290=20 24 27 25 28 22 21 23 26 	493=27 23 24 20 21 22 25 26 28 
809=20 26 28 22 23 25 27 21 24 	85=26 23 24 20 22 27 21 25 28 
0=22 23 26 27 21 25 24 20 28 	291=23 24 20 25 27 28 21 22 26 
319=23 24 20 25 27 21 22 26 28 	772=23 26 20 21 22 24 25 27 28 
743=21 25 22 27 20 23 24 26 28 	249=22 26 27 28 21 25 20 23 24 
689=21 22 26 27 20 23 25 24 28 	636=20 21 25 26 24 27 28 22 23 
119=21 23 24 26 28 22 25 20 27 	914=20 22 23 28 21 24 25 26 27 
441=21 22 25 26 20 23 24 27 28 	754=25 28 24 27 21 23 20 22 26 
767=23 25 20 22 24 21 26 28 27 	480=21 25 22 23 27 20 26 28 24 
199=22 24 25 28 20 21 23 26 27 	195=20 22 24 28 21 23 27 25 26 
435=24 27 20 23 25 21 22 26 28 	622=21 20 23 25 26 27 28 22 24 
827=27 24 25 22 26 20 21 23 28 	843=27 25 26 28 21 22 24 20 23 
579=23 27 22 28 25 26 20 21 24 	510=20 25 23 26 27 21 22 24 28 
969=22 24 27 28 23 25 20 21 26 	27=23 24 26 20 21 28 25 22 27 
277=24 27 23 28 22 20 21 25 26 	469=21 20 25 22 24 26 27 23 28 
406=25 20 24 27 21 22 28 23 26 	221=21 24 25 27 28 20 22 23 26 
446=22 27 28 21 25 23 24 26 20 	558=20 26 28 22 23 24 25 27 21 
204=22 28 20 21 24 25 26 23 27 	322=24 27 28 20 23 25 21 22 26 
53=21 27 28 20 25 26 23 24 22 	463=21 22 25 20 23 26 24 27 28 
287=20 22 21 25 28 23 24 26 27 	109=22 21 23 28 20 25 27 24 26 
207=20 24 27 21 26 22 23 28 25 	976=20 22 27 21 28 24 25 23 26 
539=20 21 24 22 23 27 25 26 28 	206=23 21 24 25 20 27 28 22 26 
53=21 27 28 20 25 26 23 24 22 	628=20 23 26 21 22 24 27 25 28 
805=23 27 20 21 24 25 22 26 28 	352=26 21 24 27 20 23 25 28 22 
162=24 25 26 23 27 28 22 20 21 	388=23 24 27 28 20 25 22 26 21 
888=24 22 27 28 26 20 21 23 25 	400=23 24 26 25 28 21 27 20 22 
912=20 24 27 21 23 25 22 28 26 	392=22 27 21 23 24 25 28 20 26 
237=20 25 21 26 27 22 23 24 28 	963=21 22 23 27 28 20 24 26 25 
416=20 22 24 26 21 27 28 23 25 	359=22 23 25 28 20 27 21 24 26 
177=23 26 22 25 27 20 21 24 28 	925=25 27 24 22 23 26 28 20 21 
101=23 28 24 22 25 20 21 26 27 	384=26 28 21 22 23 24 20 25 27 
720=21 25 26 22 23 24 20 27 28 	223=20 23 24 28 27 25 21 22 26 
527=27 22 25 23 26 28 20 21 24 	525=23 26 20 24 25 21 28 22 27 
152=22 28 20 23 25 21 24 26 27 	571=24 26 25 20 21 22 23 27 28 
632=20 26 22 23 24 25 28 21 27 	774=22 24 26 20 21 25 27 28 23 
812=20 23 25 21 27 28 22 24 26 	107=24 25 22 27 28 20 26 21 23 
649=24 28 21 22 27 20 25 23 26 	709=20 23 25 26 21 22 24 27 28 
50=21 22 23 25 24 28 20 26 27 	559=21 26 20 24 25 27 22 23 28 
501=23 27 25 22 26 28 20 21 24 	129=22 28 20 21 27 25 26 23 24 
195=20 22 24 28 21 23 27 25 26 	425=28 21 22 23 24 26 27 25 20 
597=25 22 28 21 20 23 24 26 27 	175=25 26 27 20 21 22 23 24 28 
639=26 28 20 22 25 21 23 24 27 	50=21 22 23 25 24 28 20 26 27 
831=21 23 26 28 22 20 24 25 27 	631=24 23 26 25 27 28 20 21 22 
65=20 24 27 28 21 23 22 26 25 	60=20 22 25 27 26 28 21 23 24 
898=24 21 22 28 20 23 25 26 27 	619=22 23 25 26 21 24 28 20 27 
50=21 22 23 25 24 28 20 26 27 	550=20 21 24 27 22 23 25 26 28 
701=20 21 28 22 23 26 27 24 25 	354=27 28 23 26 22 24 20 21 25 
737=20 25 28 23 24 26 27 21 22 	646=24 25 22 26 27 28 20 21 23 
976=20 22 27 21 28 24 25 23 26 	50=21 22 23 25 24 28 20 26 27 
68=24 25 21 22 28 20 23 26 27 	482=22 25 26 28 21 27 20 23 24 
582=20 25 28 23 24 26 21 22 27 	557=21 27 20 22 23 26 28 24 25 
752=23 26 20 22 24 25 21 27 28 	461=21 22 23 27 20 24 26 28 25 
586=22 24 25 26 27 21 23 28 20 	209=20 22 28 25 27 21 24 26 23 
369=24 23 28 20 21 25 26 22 27 	401=23 26 20 24 21 22 25 27 28 
97=21 22 26 23 24 20 25 27 28 	255=26 21 28 24 25 20 22 23 27 
746=23 25 26 27 28 21 20 22 24 	402=25 27 20 21 22 23 24 28 26 
436=20 21 24 23 25 22 26 27 28 	902=24 25 26 28 22 27 20 21 23 
477=21 22 27 28 20 23 25 24 26 	169=21 22 24 23 27 25 26 20 28 
741=20 27 22 24 25 26 28 21 23 	120=20 21 23 26 24 25 22 27 28 
854=23 24 28 20 21 25 26 27 22 	617=20 25 28 21 23 26 22 24 27 
663=21 27 23 25 26 28 20 22 24 	3=20 26 27 28 21 22 23 24 25 
168=20 21 24 27 22 23 26 28 25 	338=20 24 21 22 26 27 25 23 28 
333=22 25 28 20 21 23 24 26 27 	499=20 21 22 24 26 28 25 23 27 
127=20 21 22 24 25 28 23 26 27 	82=21 24 27 20 22 28 23 26 25 
378=20 22 23 21 28 24 25 26 27 	971=21 25 22 20 24 27 23 26 28 
289=20 22 23 26 28 21 25 24 27 	543=20 21 23 24 26 25 27 22 28 
875=23 20 25 26 27 28 22 24 21 	545=23 27 24 25 28 21 20 22 26 
718=21 22 27 20 23 24 28 25 26 	750=22 26 28 25 21 23 20 24 27 
772=23 26 20 21 22 24 25 27 28 	46=21 24 26 28 22 25 20 23 27 
811=24 28 25 22 20 21 23 26 27 	33=23 24 27 22 28 21 25 20 26 
304=27 22 24 26 23 20 21 25 28 	927=20 25 27 23 28 21 22 26 24 
600=23 27 24 25 20 28 21 22 26 	638=20 22 25 23 21 27 28 24 26 
36=23 25 20 26 21 24 27 22 28 	55=23 25 26 28 20 27 21 22 24 
793=26 28 21 22 23 24 20 25 27 	26=22 23 26 27 28 20 21 24 25 
944=21 24 25 28 23 22 20 26 27 	413=20 22 24 25 26 21 23 27 28 
262=20 22 25 26 28 21 23 24 27 	237=20 25 21 26 27 22 23 24 28 
777=25 26 27 28 22 23 21 20 24 	813=20 27 22 24 21 25 26 23 28 
94=21 22 24 26 25 28 20 23 27 	7=23 26 27 28 21 22 20 24 25 
522=24 26 28 20 22 23 25 27 21 	327=20 24 23 25 22 26 21 27 28 
114=22 23 28 21 27 20 26 24 25 	705=20 22 25 26 28 27 21 23 24 
728=23 28 22 25 26 21 27 20 24 	713=21 26 22 27 28 20 25 23 24 
296=22 23 27 20 24 21 25 26 28 	814=24 20 25 26 22 28 21 23 27 
42=21 25 27 24 20 22 23 26 28 	405=22 25 27 28 23 20 21 24 26 
485=24 28 21 22 23 25 20 26 27 	689=21 22 26 27 20 23 25 24 28 
99=26 28 21 22 24 25 27 20 23 	411=23 20 24 28 25 27 21 22 26 
931=20 22 24 27 21 23 25 26 28 	576=24 27 21 23 20 22 25 28 26 
237=20 25 21 26 27 22 23 24 28 	403=20 25 22 21 26 27 23 24 28 
205=21 22 27 23 24 25 28 20 26 	508=20 21 23 24 26 28 22 25 27 
422=23 28 21 22 27 25 20 24 26 	256=21 22 24 26 28 20 23 25 27 
292=20 26 27 22 23 25 28 21 24 	463=21 22 25 20 23 26 24 27 28 
237=20 25 21 26 27 22 23 24 28 	15=21 22 28 20 23 24 25 26 27 
179=20 21 25 22 27 24 28 23 26 	992=20 25 22 23 24 26 21 27 28 
322=24 27 28 20 23 25 21 22 26 	532=20 25 27 21 22 24 26 23 28 
901=20 23 27 24 22 28 21 25 26 	922=21 23 22 25 27 24 28 20 26 
921=26 28 20 22 23 24 25 21 27 	470=20 25 26 21 23 24 22 27 28 
500=20 27 28 23 24 26 25 21 22 	932=24 26 20 21 23 25 28 22 27 
676=20 26 27 21 22 28 24 25 23 	480=21 25 22 23 27 20 26 28 24 
340=23 27 21 22 24 28 20 25 26 	147=21 25 27 26 28 20 22 23 24 
713=21 26 22 27 28 20 25 23 24 	223=20 23 24 28 27 25 21 22 26 
760=21 24 20 22 23 25 26 27 28 	168=20 21 24 27 22 23 26 28 25 
686=21 22 23 24 28 20 25 26 27 	952=26 28 21 22 23 25 20 24 27 
554=24 25 23 27 21 26 28 20 22 	168=20 21 24 27 22 23 26 28 25 
23=23 24 21 27 20 25 22 26 28 	168=20 21 24 27 22 23 26 28 25 
40=21 26 24 28 25 27 20 22 23 	383=21 25 28 24 26 22 27 20 23 
639=26 28 20 22 25 21 23 24 27 	941=21 22 23 26 20 25 27 24 28 
293=20 23 26 27 28 24 25 21 22 	384=26 28 21 22 23 24 20 25 27 
376=22 27 28 23 25 20 21 24 26 	370=20 26 27 21 23 28 24 25 22 
107=24 25 22 27 28 20 26 21 23 	704=23 26 28 21 22 25 27 20 24 
27=23 24 26 20 21 28 25 22 27 	415=21 20 23 26 24 28 22 25 27 
154=20 21 26 27 22 23 24 25 28 	579=23 27 22 28 25 26 20 21 24 
260=21 27 28 24 26 22 23 20 25 	336=24 20 26 27 25 21 22 23 28 
13=26 28 21 22 23 27 20 24 25 	282=25 26 20 24 27 21 22 23 28 
103=21 22 20 24 26 28 23 25 27 	994=22 25 20 21 24 26 23 27 28 
715=26 28 24 25 20 21 22 23 27 	437=21 22 23 26 20 25 24 27 28 
85=26 23 24 20 22 27 21 25 28 	231=23 20 21 22 26 27 25 24 28 
66=22 25 27 26 28 20 23 21 24 	419=21 22 27 28 20 23 26 24 25 
375=27 20 25 23 24 21 22 26 28 	619=22 23 25 26 21 24 28 20 27 
343=21 26 25 20 22 23 24 27 28 	508=20 21 23 24 26 28 22 25 27 
899=21 23 26 27 20 22 25 24 28 	319=23 24 20 25 27 21 22 26 28 
866=23 20 24 26 28 21 27 22 25 	146=21 28 20 22 25 23 24 27 26 
251=22 25 24 27 20 21 26 23 28 	371=25 28 22 23 24 26 27 20 21 
423=21 28 27 22 24 20 23 25 26 	539=20 21 24 22 23 27 25 26 28 
441=21 22 25 26 20 23 24 27 28 	821=22 20 26 27 23 25 28 21 24 
3=20 26 27 28 21 22 23 24 25 	198=22 24 28 20 21 26 27 23 25 
809=20 26 28 22 23 25 27 21 24 	111=23 27 24 20 21 22 25 26 28 
918=20 21 22 23 25 27 24 26 28 	956=22 24 28 21 25 26 27 20 23 
27=23 24 26 20 21 28 25 22 27 	517=20 21 28 22 26 27 23 24 25 
966=26 22 20 21 27 28 23 24 25 	319=23 24 20 25 27 21 22 26 28 
135=20 21 25 23 24 26 28 22 27 	535=20 22 24 27 21 23 25 28 26 
565=21 24 28 20 23 26 27 22 25 	249=22 26 27 28 21 25 20 23 24 
162=24 25 26 23 27 28 22 20 21 	548=24 25 22 26 20 21 23 27 28 
536=20 21 22 24 27 28 23 25 26 	782=24 26 21 23 27 28 20 22 25 
62=20 23 25 28 21 27 22 24 26 	224=24 26 21 28 20 23 22 25 27 
597=25 22 28 21 20 23 24 26 27 	900=21 28 20 23 25 27 22 24 26 
108=22 25 24 26 28 20 23 27 21 	812=20 23 25 21 27 28 22 24 26 
766=28 21 22 25 20 23 24 26 27 	929=24 26 28 20 27 21 22 23 25 
275=21 23 24 25 20 27 28 22 26 	542=28 22 24 26 20 21 23 25 27 
585=25 24 26 20 21 22 23 27 28 	827=27 24 25 22 26 20 21 23 28 
922=21 23 22 25 27 24 28 20 26 	493=27 23 24 20 21 22 25 26 28 
894=22 20 24 21 23 28 25 26 27 	257=20 22 24 26 27 21 23 28 25 
221=21 24 25 27 28 20 22 23 26 	609=22 27 20 21 26 23 24 25 28 
856=22 23 25 26 27 20 21 24 28 	883=21 22 23 25 28 20 24 26 27 
625=25 26 27 20 23 24 28 22 21 	484=22 26 21 20 23 27 28 24 25 
898=24 21 22 28 20 23 25 26 27 	531=25 28 23 20 21 22 24 26 27 
961=23 24 25 20 21 26 27 22 28 	942=21 22 20 24 23 26 27 25 28 
700=21 23 26 28 22 27 20 24 25 	349=21 23 24 20 27 22 25 26 28 
493=27 23 24 20 21 22 25 26 28 	249=22 26 27 28 21 25 20 23 24 
824=23 28 21 27 25 26 20 22 24 	416=21 23 24 22 25 28 20 26 27 
687=22 24 20 21 23 25 26 27 28 	914=21 22 23 26 29 25 27 24 28 
736=25 20 24 27 26 22 28 23 21 	633=20 22 24 27 23 21 25 26 28 
363=22 27 23 24 25 26 28 21 20 	202=27 23 22 24 25 20 21 26 28 
956=22 24 28 21 25 26 27 20 23 	69=25 26 23 28 21 22 24 27 20 
686=25 28 26 27 21 22 24 20 23 	96=22 26 23 28 20 25 27 24 21 
364=24 26 23 20 27 25 21 22 28 	398=24 27 21 25 26 20 22 23 28 
198=22 28 20 23 27 21 25 26 24 	296=20 27 21 24 22 26 28 23 25 
435=24 27 20 23 25 21 22 26 28 	742=28 22 25 20 23 26 24 27 21 
376=22 25 26 28 21 27 20 23 24 	262=20 28 27 23 26 24 25 21 22 
47=24 27 23 28 25 20 21 22 26 	541=28 23 24 26 22 25 27 20 21 
319=23 26 20 22 24 28 21 25 27 	808=21 22 23 27 20 24 26 28 25 
728=23 28 22 25 26 21 27 20 24 	443=23 20 21 28 24 25 26 22 27 
205=20 21 29 25 23 26 27 28 24 	408=25 27 28 23 26 20 24 21 22 
Exception in thread "main" java.lang.ArrayIndexOutOfBoundsException: 10
	at DLB.cycleCrosssover(DLB.java:337)
	at DLB.main(DLB.java:529)

